2.959693888645546167e+02 4.095049385100719519e+02 1.595797576904296875e+02
3.005271528057023147e+02 4.384977189486634188e+02 1.552828369140625000e+02
3.071833614872950875e+02 4.657107756251914452e+02 1.516157226562500000e+02
3.149272513894473491e+02 4.907432482431448761e+02 1.501224060058593750e+02
3.273572635725432178e+02 5.175361381261488987e+02 1.539829864501953125e+02
3.512206478343289859e+02 5.395925778138403075e+02 1.664296112060546875e+02
3.804448557535806685e+02 5.535096912339154187e+02 1.827073974609375000e+02
4.145725574568206184e+02 5.666417893832337995e+02 1.919526214599609375e+02
4.486953747319239483e+02 5.720883602845435689e+02 1.823058929443359375e+02
4.711392738491880436e+02 5.613448341997932403e+02 1.613378906250000000e+02
4.777490708295036370e+02 5.457562251551011059e+02 1.271058120727539062e+02
4.770512623506433556e+02 5.281882377355238987e+02 9.528366851806640625e+01
4.762529136508118199e+02 5.062023765893076188e+02 7.101342773437500000e+01
4.771070045620787141e+02 4.802467566875383227e+02 5.990676879882812500e+01
4.797849428663066647e+02 4.545751079963235384e+02 5.640378952026367188e+01
4.829989158480775018e+02 4.287463098144531841e+02 5.392589187622070312e+01
4.863423117244944933e+02 3.995632871620327933e+02 5.421318817138671875e+01
3.621257839427274803e+02 3.829478692028569640e+02 2.353062438964843750e+02
3.811786182478362548e+02 3.748196123788870864e+02 2.447078247070312500e+02
4.020691343419691748e+02 3.711670620667700859e+02 2.469824066162109375e+02
4.193441331452014538e+02 3.736111065913181619e+02 2.463249206542968750e+02
4.318671614104625860e+02 3.774688895909926600e+02 2.432197570800781250e+02
4.838454537185967865e+02 3.753300881060432062e+02 2.145866851806640625e+02
4.928230326334635265e+02 3.715120067401961137e+02 2.063334045410156250e+02
5.024057796702665541e+02 3.683844216619753524e+02 1.930330352783203125e+02
5.104501534256280593e+02 3.709062027755438748e+02 1.721481933593750000e+02
5.118521480784696678e+02 3.777542191928041007e+02 1.498505249023437500e+02
4.617001116584328884e+02 4.107336660228056644e+02 2.282531127929687500e+02
4.692542892156862990e+02 4.325689287851371319e+02 2.355829162597656250e+02
4.758611960018382661e+02 4.512353537645527126e+02 2.431524658203125000e+02
4.783822545668658108e+02 4.682551098872166335e+02 2.439803924560546875e+02
4.443311815448835205e+02 4.811036992570465713e+02 2.260587768554687500e+02
4.537928101782704857e+02 4.825015512982537302e+02 2.274687042236328125e+02
4.645585136862362106e+02 4.850404712632123392e+02 2.245895996093750000e+02
4.703181889552695907e+02 4.813411383415671025e+02 2.179079284667968750e+02
4.737446297439873888e+02 4.778362384152879940e+02 2.086496734619140625e+02
3.850919700472962859e+02 4.089465240957222818e+02 2.316409759521484375e+02
3.992283528645833144e+02 4.016225408696193426e+02 2.366891326904296875e+02
4.121625979554419246e+02 4.028280697571997280e+02 2.321940612792968750e+02
4.214787245806525675e+02 4.099886125033509643e+02 2.208156433105468750e+02
4.122579550948797760e+02 4.142253770297181745e+02 2.274601440429687500e+02
3.984932897829542071e+02 4.140864068603515307e+02 2.322241821289062500e+02
4.719458499684053550e+02 4.067928766467524611e+02 1.927055664062500000e+02
4.854497234269684327e+02 3.989928110040403340e+02 1.897944183349609375e+02
4.970749128753063815e+02 3.972355440506281070e+02 1.815423126220703125e+02
5.012134397020527103e+02 4.030229555496515559e+02 1.657420349121093750e+02
4.951081550149356758e+02 4.087629293284696814e+02 1.776069793701171875e+02
4.834960870481004918e+02 4.104021992881625351e+02 1.878030395507812500e+02
4.163424834606694276e+02 5.135190957940793623e+02 2.181535949707031250e+02
4.378938328163296205e+02 5.094236713962928889e+02 2.262912292480468750e+02
4.573190782733992137e+02 5.052154138183593659e+02 2.263600769042968750e+02
4.658981957529105102e+02 5.065519166714537391e+02 2.222528381347656250e+02
4.711221831677006548e+02 5.043608412080652670e+02 2.192212219238281250e+02
4.802749078488817531e+02 5.059125864545036961e+02 2.025302124023437500e+02
4.828192613788679637e+02 5.084310438447840284e+02 1.824913940429687500e+02
4.782385926489736221e+02 5.185622726619944842e+02 1.993536224365234375e+02
4.714451719994638097e+02 5.238097669893152215e+02 2.081713867187500000e+02
4.628811027975642673e+02 5.249822609576057175e+02 2.154100952148437500e+02
4.495699667537913342e+02 5.247343979061350865e+02 2.215475158691406250e+02
4.376923670151654164e+02 5.205478167844286190e+02 2.226168670654296875e+02
4.205125712076822992e+02 5.130761831724877311e+02 2.175120239257812500e+02
4.499111252728630461e+02 5.132421188534007115e+02 2.203863983154296875e+02
4.627419495825673721e+02 5.124545216758579045e+02 2.169808349609375000e+02
4.699802674536610994e+02 5.114516435690487128e+02 2.094440612792968750e+02
4.817386177810967638e+02 5.088547655771293421e+02 1.843757476806640625e+02
4.699610380284926237e+02 5.127339071116728064e+02 2.092747344970703125e+02
4.619720403933057469e+02 5.137915832998238557e+02 2.153487243652343750e+02
4.503408393411075394e+02 5.137660725193397866e+02 2.206795043945312500e+02
