2.282667279411764412e+02 2.708757743566177396e+02 6.551449584960937500e+01
2.298943933823529164e+02 3.040645840992648345e+02 6.564035797119140625e+01
2.337572954963235077e+02 3.366348965992648345e+02 6.787879180908203125e+01
2.360088924632352416e+02 3.686577941176471995e+02 7.118910980224609375e+01
2.346930147058822911e+02 4.049985340073531006e+02 8.316287994384765625e+01
2.327026884191175782e+02 4.342793704044119067e+02 1.122476882934570312e+02
2.311551355698528880e+02 4.563505790441177510e+02 1.493819580078125000e+02
2.377132697610293519e+02 4.760039338235295077e+02 1.889512023925781250e+02
2.662651079963234224e+02 4.872843336397060057e+02 2.144873657226562500e+02
3.014937270220588061e+02 4.817808639705883706e+02 2.268830718994140625e+02
3.417618106617646845e+02 4.662852987132354201e+02 2.160341186523437500e+02
3.787205652573528596e+02 4.476886764705884048e+02 1.994776153564453125e+02
4.074726792279411143e+02 4.209587362132353974e+02 1.889520721435546875e+02
4.238234604779411256e+02 3.879270266544119181e+02 1.853795013427734375e+02
4.328052389705881637e+02 3.550192601102942263e+02 1.867459716796875000e+02
4.401090073529410915e+02 3.209369875919119295e+02 1.906554412841796875e+02
4.448551930147058897e+02 2.864223736213236862e+02 1.952089538574218750e+02
1.952677964154411541e+02 2.424703113511030494e+02 1.784804382324218750e+02
1.969802734374999886e+02 2.334731261488971654e+02 2.048874511718750000e+02
2.058673253676470267e+02 2.311655147058824582e+02 2.279752044677734375e+02
2.160120634191176237e+02 2.348539797794118726e+02 2.449645385742187500e+02
2.262253561580882320e+02 2.395411351102942206e+02 2.556288757324218750e+02
2.860546530330882433e+02 2.433572139246324468e+02 2.908265380859375000e+02
3.003620404411764184e+02 2.394580124080883365e+02 2.953919372558593750e+02
3.205083869485293917e+02 2.372238786764706902e+02 2.967591552734375000e+02
3.451946691176470381e+02 2.422301229319854201e+02 2.927243652343750000e+02
3.666634650735293803e+02 2.535807663143383479e+02 2.805031127929687500e+02
2.539097771139705628e+02 2.839702596507353860e+02 2.715240783691406250e+02
2.459181525735293690e+02 3.082165027573530551e+02 2.827749633789062500e+02
2.383221507352940876e+02 3.298710638786766367e+02 2.933442993164062500e+02
2.359002872242646731e+02 3.495304963235295190e+02 2.953632202148437500e+02
2.351579733455881751e+02 3.642931801470589335e+02 2.482060394287109375e+02
2.385352941176469983e+02 3.671641819852942490e+02 2.603410949707031250e+02
2.471405101102940591e+02 3.719985799632354428e+02 2.691102905273437500e+02
2.570288028492646504e+02 3.694851148897059829e+02 2.716386108398437500e+02
2.697617761948528710e+02 3.671094944852942490e+02 2.697239990234375000e+02
2.080281939338235020e+02 2.751785317095589107e+02 1.991907653808593750e+02
2.111931985294117453e+02 2.684820473345589562e+02 2.164322357177734375e+02
2.230792738970587834e+02 2.709820128676471995e+02 2.262640686035156250e+02
2.382496668198529051e+02 2.804225229779412984e+02 2.291194610595703125e+02
2.255338924632352473e+02 2.841963051470589221e+02 2.239025573730468750e+02
2.135592601102940762e+02 2.821231318933824923e+02 2.124355163574218750e+02
2.971862591911764184e+02 2.845713625919119067e+02 2.630611267089843750e+02
3.077579503676470267e+02 2.765428699448530665e+02 2.756970214843750000e+02
3.230148207720587834e+02 2.764862063419118954e+02 2.818197631835937500e+02
3.387276424632352700e+02 2.853234306066177624e+02 2.766853027343750000e+02
3.232369025735293917e+02 2.903225459558824468e+02 2.772142333984375000e+02
3.072299172794117226e+02 2.898797495404413098e+02 2.705313415527343750e+02
2.245780215992646447e+02 4.075148483455883479e+02 2.172404174804687500e+02
2.286747012867646447e+02 4.007604136029412984e+02 2.426866302490234375e+02
2.386688304227940591e+02 3.966402849264707129e+02 2.605134582519531250e+02
2.467353285845587720e+02 3.998715579044119295e+02 2.658552551269531250e+02
2.535724264705881694e+02 3.982266130514707356e+02 2.695646972656250000e+02
2.741888327205881524e+02 4.050455238970589562e+02 2.704554748535156250e+02
2.947983226102940648e+02 4.143440762867648459e+02 2.611057128906250000e+02
2.724985638786764071e+02 4.211141590073531233e+02 2.645571594238281250e+02
2.590742647058822854e+02 4.248607812500001160e+02 2.627807312011718750e+02
2.470407284007352473e+02 4.246472931985295531e+02 2.583782043457031250e+02
2.354364774816176009e+02 4.233815073529412984e+02 2.485710449218750000e+02
2.289063993566175839e+02 4.174576792279412984e+02 2.382875976562500000e+02
2.275122931985293349e+02 4.070252573529412530e+02 2.208450622558593750e+02
2.404094669117646390e+02 4.078709834558825378e+02 2.492017059326171875e+02
2.501345932904411313e+02 4.087012913602942490e+02 2.596986083984375000e+02
2.614214613970588061e+02 4.102866773897060284e+02 2.626502685546875000e+02
2.923477251838234565e+02 4.145152849264707129e+02 2.609682006835937500e+02
2.594703010110293917e+02 4.103394117647060284e+02 2.617827453613281250e+02
2.495745749080881808e+02 4.102976378676472109e+02 2.575635681152343750e+02
2.393437155330881865e+02 4.089486488970590017e+02 2.487849731445312500e+02
