1.965216881845511807e+02 2.917426293346927650e+02 5.264140701293945312e+01
1.980435873592601297e+02 3.187881510895373367e+02 5.632511901855468750e+01
2.024454397762523001e+02 3.442010406972847250e+02 6.175823211669921875e+01
2.060808223350375101e+02 3.676925099571077453e+02 6.785928344726562500e+01
2.076587816425397932e+02 3.941629312432980328e+02 8.199732971191406250e+01
2.111727567784926123e+02 4.156599064127603356e+02 1.064390182495117188e+02
2.139247900270947866e+02 4.295509502814796861e+02 1.380478973388671875e+02
2.233174971636603630e+02 4.422290181956570905e+02 1.711723632812500000e+02
2.490095409916896187e+02 4.509341481407015522e+02 1.895651550292968750e+02
2.799862759459252288e+02 4.469415183153338376e+02 1.936007690429687500e+02
3.125231955135569706e+02 4.382234595683976295e+02 1.745580444335937500e+02
3.370031400792738623e+02 4.278636356608072333e+02 1.505553588867187500e+02
3.571129183900122257e+02 4.074692502967983501e+02 1.322651367187500000e+02
3.690733125574448081e+02 3.806613121361825733e+02 1.221822052001953125e+02
3.783576181449141700e+02 3.556576643880208053e+02 1.193180694580078125e+02
3.872694740445006119e+02 3.295284690587660634e+02 1.176777877807617188e+02
3.935989029229856442e+02 2.995967512422449204e+02 1.161152496337890625e+02
1.910656278124042728e+02 2.581022095504461049e+02 1.468032531738281250e+02
1.969007756850298847e+02 2.492659033262962964e+02 1.669272460937500000e+02
2.082654430314606486e+02 2.458173236502852603e+02 1.842795867919921875e+02
2.195026142793543329e+02 2.482973944450826593e+02 1.960783233642578125e+02
2.296511938955269727e+02 2.515127354520909648e+02 2.028818511962890625e+02
2.836274388930377199e+02 2.517586717074524927e+02 2.207583770751953125e+02
2.962767782772289138e+02 2.482036750823376110e+02 2.210887298583984375e+02
3.124387440400965374e+02 2.464306806556851086e+02 2.178517913818359375e+02
3.316373212028952935e+02 2.507606539438284869e+02 2.112070617675781250e+02
3.462073102165671230e+02 2.615231252513212326e+02 1.985999908447265625e+02
2.543069008023131232e+02 2.845441190712124353e+02 2.162943572998046875e+02
2.493116915235332272e+02 3.035802287860944944e+02 2.291833953857421875e+02
2.436236256318933897e+02 3.202092788277419686e+02 2.409076385498046875e+02
2.412449765672870967e+02 3.354010160438686512e+02 2.447108764648437500e+02
2.327909563251570262e+02 3.502433384195962844e+02 2.087495117187500000e+02
2.371822595334520543e+02 3.521792675422219077e+02 2.177610168457031250e+02
2.448553878484987649e+02 3.556669322773053636e+02 2.238133392333984375e+02
2.531504666795917728e+02 3.542115461042815241e+02 2.238712005615234375e+02
2.636732879040288253e+02 3.530752662688610144e+02 2.199742736816406250e+02
2.045180365468941659e+02 2.817547059780943073e+02 1.644999237060546875e+02
2.105091971004710558e+02 2.750553611486097907e+02 1.769657592773437500e+02
2.221117563285079655e+02 2.765098609954235371e+02 1.835930786132812500e+02
2.347572517544615494e+02 2.839002801513671557e+02 1.845573883056640625e+02
2.235214003619025789e+02 2.873797849049287265e+02 1.826564483642578125e+02
2.113171797808478800e+02 2.862874071188533662e+02 1.750032958984375000e+02
2.880725382486979242e+02 2.865745768109489404e+02 2.016850128173828125e+02
2.994152593874463832e+02 2.792533103673598021e+02 2.087773284912109375e+02
3.127106342390471809e+02 2.787683261527266723e+02 2.107726440429687500e+02
3.241063808067172545e+02 2.869556585454005244e+02 2.051603698730468750e+02
3.118008011163449851e+02 2.907807534490846706e+02 2.091719055175781250e+02
2.978158452052696248e+02 2.908651182167202478e+02 2.066084289550781250e+02
2.178127659217983876e+02 3.826172028664981326e+02 1.876005249023437500e+02
2.252336380902458473e+02 3.772230408193549920e+02 2.069411773681640625e+02
2.360081470564299764e+02 3.747600173531325822e+02 2.194393768310546875e+02
2.434450598024854457e+02 3.777398268037683238e+02 2.227745971679687500e+02
2.494663169112860146e+02 3.766382967361748797e+02 2.245870819091796875e+02
2.668431083529603143e+02 3.819571595913755573e+02 2.222707061767578125e+02
2.826762759937959117e+02 3.891250530646828452e+02 2.116780853271484375e+02
2.641378866158279379e+02 3.926206851016772816e+02 2.194720764160156250e+02
2.525704721488204427e+02 3.945209106924019125e+02 2.207839813232421875e+02
2.417988148408777533e+02 3.937475525381050261e+02 2.193276214599609375e+02
2.308167995677274575e+02 3.929046948481540085e+02 2.132520294189453125e+02
2.243533909217983933e+02 3.887757056621476295e+02 2.051804962158203125e+02
2.207218234193091178e+02 3.820034219659543169e+02 1.898959503173828125e+02
2.354639427633846367e+02 3.828841219314873570e+02 2.110342407226562500e+02
2.447728150012446235e+02 3.843093922813264953e+02 2.179168243408203125e+02
2.544743297502105861e+02 3.856730629595587629e+02 2.185234527587890625e+02
2.804778016333486335e+02 3.891708722761565014e+02 2.121924438476562500e+02
2.524251146503523273e+02 3.843748262771904933e+02 2.188428497314453125e+02
2.435853594611672861e+02 3.840553827502679951e+02 2.170368957519531250e+02
2.339872173234527963e+02 3.825360269464230214e+02 2.114912261962890625e+02
