3.132563811657474844e+02 2.139462618719363149e+02 1.128409347534179688e+02
3.160270421645220154e+02 2.370306292126226140e+02 1.122798538208007812e+02
3.212308277803308556e+02 2.601658639705883047e+02 1.114681625366210938e+02
3.263278808593749432e+02 2.826607705269608459e+02 1.118254241943359375e+02
3.368998209635416288e+02 3.068861649816176964e+02 1.174948043823242188e+02
3.566022326899509380e+02 3.284700727634804593e+02 1.295425872802734375e+02
3.805908681832107732e+02 3.408200076593138306e+02 1.455340728759765625e+02
4.088307961856617112e+02 3.491497602634805162e+02 1.585010223388671875e+02
4.376741919424019898e+02 3.536786933210785264e+02 1.538498992919921875e+02
4.585755974264706083e+02 3.458311902573530574e+02 1.392167358398437500e+02
4.675343903186275156e+02 3.330444446997549903e+02 1.109829330444335938e+02
4.728295802696078454e+02 3.181364905024510676e+02 8.322515869140625000e+01
4.776786917892157476e+02 2.980040801164216759e+02 6.141676330566406250e+01
4.770989391850490620e+02 2.742262193627452120e+02 5.094003677368164062e+01
4.792157820159314383e+02 2.517994902726716191e+02 4.830035400390625000e+01
4.808821997549019898e+02 2.281604928768383047e+02 4.534230804443359375e+01
4.832107077205882888e+02 2.021724031096814542e+02 4.546865081787109375e+01
3.623394703584558556e+02 1.908513916973039670e+02 1.815095977783203125e+02
3.764262695312500000e+02 1.839953341375613149e+02 1.915599975585937500e+02
3.930047583486519898e+02 1.803387825520833871e+02 1.960112152099609375e+02
4.066337699142156907e+02 1.808481747855392427e+02 1.974304504394531250e+02
4.171920381433823763e+02 1.830435878140319232e+02 1.956935272216796875e+02
4.607911113664216600e+02 1.802526104856005418e+02 1.787648925781250000e+02
4.695389667585784537e+02 1.767395944393383047e+02 1.732251586914062500e+02
4.793379097732843661e+02 1.744304884727328897e+02 1.633541412353515625e+02
4.892485830269608869e+02 1.763439142922794645e+02 1.481339263916015625e+02
4.931341720281863559e+02 1.819979478783701552e+02 1.292751007080078125e+02
4.417684015012255259e+02 2.063539575674020057e+02 1.884019927978515625e+02
4.466310125612745878e+02 2.222699731924020057e+02 1.967274932861328125e+02
4.515728592218137578e+02 2.378822683057598510e+02 2.048075256347656250e+02
4.537451746323529846e+02 2.515539518229167584e+02 2.073791809082031250e+02
4.284854281556372939e+02 2.655168137254902945e+02 1.876910400390625000e+02
4.373468903186275156e+02 2.670422234987746037e+02 1.898432464599609375e+02
4.469806027879902217e+02 2.697147974111520625e+02 1.890774230957031250e+02
4.520514897365196703e+02 2.665481881893383047e+02 1.843554840087890625e+02
4.570178270526961342e+02 2.639985654105392996e+02 1.762100067138671875e+02
3.814926757812500000e+02 2.082518972120098510e+02 1.823289031982421875e+02
3.920377987132353041e+02 2.023420473345588562e+02 1.878743286132812500e+02
4.022903262867647527e+02 2.022196323529412325e+02 1.853944702148437500e+02
4.114341969209558556e+02 2.075936557904412325e+02 1.775580749511718750e+02
4.030864640778186185e+02 2.113821055453431939e+02 1.825657806396484375e+02
3.916814204197303866e+02 2.114903986672794645e+02 1.854153289794921875e+02
4.558338120404412166e+02 2.059533084405637737e+02 1.594582519531250000e+02
4.664400850183824332e+02 1.997080093443628073e+02 1.591885833740234375e+02
4.762648973651961342e+02 1.986142497702206526e+02 1.546250305175781250e+02
4.820325903799019898e+02 2.033535937500000728e+02 1.428243255615234375e+02
4.758835784313725981e+02 2.074888285079657635e+02 1.514536743164062500e+02
4.655684934129902786e+02 2.088223533241422274e+02 1.575094451904296875e+02
4.081717696844362990e+02 2.994098514093138306e+02 1.791995849609375000e+02
4.250647882199755259e+02 2.921324693627452120e+02 1.882226715087890625e+02
4.406691367953432064e+02 2.878571361825981398e+02 1.900880126953125000e+02
4.479458295036765207e+02 2.894793213848039954e+02 1.872175750732421875e+02
4.525930606617647527e+02 2.874519201899510676e+02 1.853723907470703125e+02
4.622282666973039795e+02 2.898750972732843820e+02 1.720700836181640625e+02
4.669429764093138147e+02 2.948028125000000728e+02 1.557602386474609375e+02
4.608804189644608300e+02 3.015801179534314542e+02 1.710671539306640625e+02
4.547989621629902217e+02 3.056069255514706811e+02 1.776694030761718750e+02
4.474752795649509949e+02 3.064131449142157635e+02 1.824265594482421875e+02
4.355534428615196134e+02 3.073030231311275315e+02 1.858432464599609375e+02
4.254919864430146959e+02 3.043210225183824491e+02 1.851566467285156250e+02
4.117615368412990620e+02 2.984933570772059852e+02 1.789557647705078125e+02
4.356284083946078454e+02 2.960288005514706811e+02 1.837547607421875000e+02
4.459029756433824332e+02 2.956470986519609028e+02 1.821880340576171875e+02
4.525298521752451393e+02 2.954262997855392996e+02 1.769363861083984375e+02
4.653812231924019898e+02 2.950263878676471450e+02 1.575226745605468750e+02
4.528707490808824332e+02 2.954558838848039954e+02 1.774454498291015625e+02
4.460844822303921546e+02 2.970797158394609028e+02 1.811386260986328125e+02
4.358959865196078454e+02 2.972901171875000728e+02 1.835793151855468750e+02
