2.290826028861251586e+02 2.737254980349072184e+02 6.378799819946289062e+01
2.297091488707299334e+02 3.061627186494714579e+02 6.449035644531250000e+01
2.332817267324410295e+02 3.384260488472732504e+02 6.791703796386718750e+01
2.359721141740387509e+02 3.686288867426853244e+02 7.247775268554687500e+01
2.362361545936733762e+02 4.046502917719822108e+02 8.420948791503906250e+01
2.327021497539445249e+02 4.337973144531249545e+02 1.114843826293945312e+02
2.295337340111825597e+02 4.554857005399816217e+02 1.494700622558593750e+02
2.337451804366766055e+02 4.753136889887790630e+02 1.915605010986328125e+02
2.621117808024088163e+02 4.883006711473651649e+02 2.196542053222656250e+02
2.983648433909696678e+02 4.816578655168121941e+02 2.331134948730468750e+02
3.425260337679993654e+02 4.672312550264246056e+02 2.237096710205078125e+02
3.806650977041207966e+02 4.484376472024356417e+02 2.067012939453125000e+02
4.097504266477099577e+02 4.217646565755208030e+02 1.952758026123046875e+02
4.266581601610371308e+02 3.876082918054917172e+02 1.899471435546875000e+02
4.343401276233150270e+02 3.553906717936197310e+02 1.892781829833984375e+02
4.417733106426164795e+02 3.218894825056486866e+02 1.916703643798828125e+02
4.460205006318934693e+02 2.872125320733761669e+02 1.952011260986328125e+02
1.984784669763901661e+02 2.431716802858838378e+02 1.766667327880859375e+02
2.001711181640624773e+02 2.345416710947073398e+02 2.019137573242187500e+02
2.088674521651922191e+02 2.322593377206839023e+02 2.257756652832031250e+02
2.190113831763173948e+02 2.359353582643994400e+02 2.418143463134765625e+02
2.291697732962813916e+02 2.404988932291665833e+02 2.528120422363281250e+02
2.876219911463120980e+02 2.441982885622510082e+02 2.870451354980468750e+02
3.012502671185661711e+02 2.408926729688456589e+02 2.915412902832031250e+02
3.207389053643918828e+02 2.393258460549746474e+02 2.937362670898437500e+02
3.447207925235524044e+02 2.445211470660040618e+02 2.913675537109375000e+02
3.664618180817249140e+02 2.556039962469362194e+02 2.798294067382812500e+02
2.562269927978516080e+02 2.828918801101983149e+02 2.700544738769531250e+02
2.488199447332644070e+02 3.066412089029947197e+02 2.814755554199218750e+02
2.418739020254097625e+02 3.284040617101331918e+02 2.919726867675781250e+02
2.378120704202090963e+02 3.474860201966528166e+02 2.939678649902343750e+02
2.362544132606655864e+02 3.621967313878676009e+02 2.476610870361328125e+02
2.390516733805338561e+02 3.649333602606080831e+02 2.598132324218750000e+02
2.476107497869753331e+02 3.697651971555222872e+02 2.690032348632812500e+02
2.578198160807291970e+02 3.681579956054687273e+02 2.714491882324218750e+02
2.705018634870940559e+02 3.662165715236289429e+02 2.698373413085937500e+02
2.099631338680491410e+02 2.734722903980928095e+02 1.970075225830078125e+02
2.137441446341720166e+02 2.664825123506433329e+02 2.141388702392578125e+02
2.257649072385301565e+02 2.695569092395258508e+02 2.244615478515625000e+02
2.407947004729626315e+02 2.792673326080920333e+02 2.271235504150390625e+02
2.280649102902879690e+02 2.822363119686350501e+02 2.221196289062500000e+02
2.156715831083409682e+02 2.796998701506969383e+02 2.106832122802734375e+02
2.982594489602481644e+02 2.839436301437078214e+02 2.618672180175781250e+02
3.086260756548713289e+02 2.755119255514705401e+02 2.742872619628906250e+02
3.236350001914828454e+02 2.753685817344515385e+02 2.805508422851562500e+02
3.393200612984452391e+02 2.845951215557022920e+02 2.762608337402343750e+02
3.239978406719133091e+02 2.892360335406134482e+02 2.766024169921875000e+02
3.079618343577665769e+02 2.890563571705537242e+02 2.700718994140625000e+02
2.230090380500344622e+02 4.024851441626454971e+02 2.160863952636718750e+02
2.275237908456839477e+02 3.968548919079350412e+02 2.418266754150390625e+02
2.379643068201401661e+02 3.928870907054227928e+02 2.607362060546875000e+02
2.458551806879978585e+02 3.960364278157551325e+02 2.663803100585937500e+02
2.530423509784773444e+02 3.946856098249846809e+02 2.703114318847656250e+02
2.730042825137867339e+02 4.025485240263097921e+02 2.717283020019531250e+02
2.930856056362974869e+02 4.118284770890778645e+02 2.633184204101562500e+02
2.703798387714460887e+02 4.185130201152726386e+02 2.662954711914062500e+02
2.563627952426087404e+02 4.216999139523973099e+02 2.643674011230468750e+02
2.440716981177236278e+02 4.209298162722120651e+02 2.594377746582031250e+02
2.326984310374540144e+02 4.195419958974800920e+02 2.487420349121093750e+02
2.264719946169385594e+02 4.134673916685815129e+02 2.380923461914062500e+02
2.259563287473192190e+02 4.019705985274969180e+02 2.195761413574218750e+02
2.384315138872931641e+02 4.036951590743719862e+02 2.486347198486328125e+02
2.481918974034926180e+02 4.047216403138403393e+02 2.600422363281250000e+02
2.594504155177695566e+02 4.064990020153569503e+02 2.634536743164062500e+02
2.907126949534696223e+02 4.119523034189261352e+02 2.630728454589843750e+02
2.569053813859528077e+02 4.068350723565793032e+02 2.624699096679687500e+02
2.468501567765777907e+02 4.065113361433440105e+02 2.576878967285156250e+02
2.369008116479013211e+02 4.049630104214537596e+02 2.486177978515625000e+02
