1.985429262049057684e+02 2.913471544333064571e+02 5.339867782592773438e+01
2.006369585822610304e+02 3.185454903875611876e+02 5.701089477539062500e+01
2.053211733350566988e+02 3.442272547583486357e+02 6.207662963867187500e+01
2.090021149878408266e+02 3.684063108436733387e+02 6.749308013916015625e+01
2.105149100509344180e+02 3.951553083113127514e+02 8.191530609130859375e+01
2.149615701114429953e+02 4.179740270756739164e+02 1.077290420532226562e+02
2.177592491598690003e+02 4.319435493499156564e+02 1.402599487304687500e+02
2.253933405857459888e+02 4.434490847598804066e+02 1.747523498535156250e+02
2.510406442081226714e+02 4.516741341863893240e+02 1.949121856689453125e+02
2.824187982297410713e+02 4.475493839518228469e+02 1.991442413330078125e+02
3.167625901166130120e+02 4.384208405618106212e+02 1.798092193603515625e+02
3.427616785386029505e+02 4.281578381587009403e+02 1.560537872314453125e+02
3.640019659304151105e+02 4.094363742484297859e+02 1.387807159423828125e+02
3.774586906881893356e+02 3.828742181994867906e+02 1.299166259765625000e+02
3.867291811475566874e+02 3.574236500938265522e+02 1.284336700439453125e+02
3.949356562595741025e+02 3.300453706509458698e+02 1.282530364990234375e+02
4.002478716681985702e+02 2.993862102314070057e+02 1.274796142578125000e+02
1.922201255050360089e+02 2.577355257999195146e+02 1.487764129638671875e+02
1.976749045577703896e+02 2.482863009164847199e+02 1.686233825683593750e+02
2.086364668902228914e+02 2.443676070748122982e+02 1.861509857177734375e+02
2.196569699156518141e+02 2.461731113688150572e+02 1.977616577148437500e+02
2.298279581705729129e+02 2.488523261754652651e+02 2.049930877685546875e+02
2.841407373764936324e+02 2.484812589637905660e+02 2.237133178710937500e+02
2.964806911094516408e+02 2.452915732469745649e+02 2.249885101318359375e+02
3.125547371658624911e+02 2.441477403708065026e+02 2.228977203369140625e+02
3.317409442976409650e+02 2.492584225404028757e+02 2.173616638183593750e+02
3.469043094410616277e+02 2.604664365461760553e+02 2.060419311523437500e+02
2.548394576128791300e+02 2.829938670917585455e+02 2.185879974365234375e+02
2.495664428710937273e+02 3.023096897977940785e+02 2.315807952880859375e+02
2.434062637628293828e+02 3.188569184426700076e+02 2.432477874755859375e+02
2.406150780172908981e+02 3.341984640562767481e+02 2.469831695556640625e+02
2.336296714034735089e+02 3.490912781240425602e+02 2.098610534667968750e+02
2.378336033241421887e+02 3.510019373156977167e+02 2.191734313964843750e+02
2.453983686260148716e+02 3.544232239248237875e+02 2.257328796386718750e+02
2.537183416628370196e+02 3.529161418121935867e+02 2.262275695800781250e+02
2.643779654110179536e+02 3.517739467127182706e+02 2.228693847656250000e+02
2.062445229324640081e+02 2.815264480770334785e+02 1.662145385742187500e+02
2.117409400491153519e+02 2.746541347608379056e+02 1.789968261718750000e+02
2.231526982924517597e+02 2.759070531987208597e+02 1.857508087158203125e+02
2.357613052068972479e+02 2.831503133018343306e+02 1.867877197265625000e+02
2.246904549991383533e+02 2.867593950937308023e+02 1.847394104003906250e+02
2.129293397192861619e+02 2.857534533811082724e+02 1.769318084716796875e+02
2.884651422238817418e+02 2.850821672506892810e+02 2.053443145751953125e+02
2.991502285826439902e+02 2.775824313174976510e+02 2.130008087158203125e+02
3.122133088953355013e+02 2.770056834381701947e+02 2.158054504394531250e+02
3.238056464700138122e+02 2.852384882190180520e+02 2.110335388183593750e+02
3.112533790737974755e+02 2.889628598561006356e+02 2.142422790527343750e+02
2.977053049124923518e+02 2.891841620232077048e+02 2.106869812011718750e+02
2.187885436413334901e+02 3.813725503839229987e+02 1.874653625488281250e+02
2.262206779330384165e+02 3.759521646417355214e+02 2.073354492187500000e+02
2.369033268947227384e+02 3.735299314491420546e+02 2.207095794677734375e+02
2.444230533375459800e+02 3.764588542145373253e+02 2.244369354248046875e+02
2.505554673138786939e+02 3.753791932827817845e+02 2.264927978515625000e+02
2.684691315894033323e+02 3.807380564252067643e+02 2.247721862792968750e+02
2.848549621582030795e+02 3.877520952292048833e+02 2.143473510742187500e+02
2.653487045587277748e+02 3.905350053854548946e+02 2.220648803710937500e+02
2.534019906436695351e+02 3.919849387254901103e+02 2.235669555664062500e+02
2.424401874617034309e+02 3.909888814769070677e+02 2.217765502929687500e+02
2.314297519459443890e+02 3.904162376732919029e+02 2.149922332763671875e+02
2.249329808253867782e+02 3.868092560891543599e+02 2.061518554687500000e+02
2.216689978506050807e+02 3.806255700683593091e+02 1.897537689208984375e+02
2.365368021048751359e+02 3.814347858982459911e+02 2.120255889892578125e+02
2.459225631414675490e+02 3.828331774423635920e+02 2.194910888671875000e+02
2.558551200118719180e+02 3.841556146838617565e+02 2.204774169921875000e+02
2.826242717668121713e+02 3.877552551748237875e+02 2.146417999267578125e+02
2.535480417887370095e+02 3.817505877805223236e+02 2.208863372802734375e+02
2.445113969391467776e+02 3.815535536104089260e+02 2.187747955322265625e+02
2.347692845961626631e+02 3.801638904526653846e+02 2.126852722167968750e+02
