3.156074841069239483e+02 2.149350218290441603e+02 1.119322433471679688e+02
3.185298617493871802e+02 2.381448774509804309e+02 1.120529327392578125e+02
3.234537616804533968e+02 2.611985117953431654e+02 1.118035888671875000e+02
3.280231933593749432e+02 2.834253806678922274e+02 1.120936431884765625e+02
3.384375382965685617e+02 3.068865670955883047e+02 1.183977737426757812e+02
3.577555147058823195e+02 3.273368198529412325e+02 1.312355041503906250e+02
3.811836128982843093e+02 3.388362071078432223e+02 1.467245635986328125e+02
4.088599015778186185e+02 3.468078676470589130e+02 1.597267303466796875e+02
4.375285883884803866e+02 3.514564391850491347e+02 1.557136383056640625e+02
4.586681602328431495e+02 3.442884895833334440e+02 1.407413787841796875e+02
4.681494715073529278e+02 3.323289499080883616e+02 1.120492019653320312e+02
4.731520373774510517e+02 3.183450153186275315e+02 8.406874847412109375e+01
4.771896254595588971e+02 2.992819025735295213e+02 6.288287353515625000e+01
4.778638556985295054e+02 2.764516521139706811e+02 5.199312591552734375e+01
4.801210746017157476e+02 2.551183283547794645e+02 4.842698287963867188e+01
4.819947342218138147e+02 2.323599509803922274e+02 4.502352905273437500e+01
4.841604434742647527e+02 2.068836565563726140e+02 4.440112686157226562e+01
3.648090341605392268e+02 1.899138007429534696e+02 1.773550262451171875e+02
3.782032015931372371e+02 1.818237272135417015e+02 1.862666015625000000e+02
3.942611251531862990e+02 1.780657328048407066e+02 1.902579498291015625e+02
4.074042298560049176e+02 1.786775875076593536e+02 1.916776733398437500e+02
4.176458429074755259e+02 1.808219129136030006e+02 1.904447631835937500e+02
4.611461205575981239e+02 1.788786444929534696e+02 1.737184600830078125e+02
4.698153530943627629e+02 1.757878337545956242e+02 1.682687072753906250e+02
4.795417432598039795e+02 1.739671430759804309e+02 1.582601165771484375e+02
4.892484489889706651e+02 1.763660832184436913e+02 1.435930023193359375e+02
4.931659198835785105e+02 1.829836584712010392e+02 1.259336318969726562e+02
4.421654411764706083e+02 2.068699942555147686e+02 1.835371704101562500e+02
4.466646369485294485e+02 2.224415035232843820e+02 1.924574890136718750e+02
4.514227175245098351e+02 2.374929358149510392e+02 2.011558074951171875e+02
4.531623965992647527e+02 2.507141942401961501e+02 2.039691772460937500e+02
4.283782552083333712e+02 2.649822893688726140e+02 1.848966522216796875e+02
4.369466528799019898e+02 2.663589073988971450e+02 1.870109405517578125e+02
4.462274241727941444e+02 2.689593975949755986e+02 1.863540191650390625e+02
4.512072993259804434e+02 2.661140582873775315e+02 1.816529388427734375e+02
4.562131587009804434e+02 2.639229201133579181e+02 1.734364471435546875e+02
3.830901405484068505e+02 2.088825459558823923e+02 1.785570983886718750e+02
3.936865425857843093e+02 2.027706625306373098e+02 1.837204589843750000e+02
4.037140299479166856e+02 2.030047598805147686e+02 1.811753234863281250e+02
4.124910386029412166e+02 2.085908505667892712e+02 1.736454162597656250e+02
4.043972886029412166e+02 2.121869749540441603e+02 1.786838073730468750e+02
3.932021101409313815e+02 2.121183762254902376e+02 1.816772308349609375e+02
4.559750497855392268e+02 2.071507464001226140e+02 1.556351623535156250e+02
4.666090686274510517e+02 2.007547598805147686e+02 1.553436584472656250e+02
4.763145871629902786e+02 1.996038331035539954e+02 1.508348236083984375e+02
4.818016620710784537e+02 2.046428285845588846e+02 1.394770965576171875e+02
4.758270335477941444e+02 2.086731498927696862e+02 1.479954681396484375e+02
4.656367761948529846e+02 2.099961431525736089e+02 1.538174438476562500e+02
4.088167030484069073e+02 2.984459459252452120e+02 1.776895751953125000e+02
4.251082452512255259e+02 2.909587561274510676e+02 1.861790008544921875e+02
4.401990847120098351e+02 2.866415265012255986e+02 1.877931213378906250e+02
4.473736596200980671e+02 2.882794324448530574e+02 1.851189727783203125e+02
4.518986481311275156e+02 2.863966582414216759e+02 1.833240661621093750e+02
4.616104856004902786e+02 2.891930545343138306e+02 1.704031677246093750e+02
4.665539024203432064e+02 2.944183915441177533e+02 1.546766967773437500e+02
4.604370404411765207e+02 3.003651210171569801e+02 1.705350799560546875e+02
4.543944355085784537e+02 3.039971292892157635e+02 1.773404541015625000e+02
4.471029603247549176e+02 3.046407988664216759e+02 1.819323272705078125e+02
4.354415785845588402e+02 3.055605675551471450e+02 1.849787597656250000e+02
4.256184704350490051e+02 3.028368390012255986e+02 1.839401092529296875e+02
4.123136106004902217e+02 2.974814276960785264e+02 1.773556671142578125e+02
4.355123123468137578e+02 2.946914077818628357e+02 1.819222259521484375e+02
4.455645297181372939e+02 2.943651018688726140e+02 1.804312133789062500e+02
4.521043581495098351e+02 2.943132100183824491e+02 1.753922882080078125e+02
4.649845664828432064e+02 2.945877581188726140e+02 1.563983001708984375e+02
4.524113242953432064e+02 2.940645121017157635e+02 1.764661254882812500e+02
4.457178691789216032e+02 2.956069064031863718e+02 1.799022827148437500e+02
4.357514552696078454e+02 2.958271882659314542e+02 1.820987243652343750e+02
