2.162725259219898817e+02 3.314815762628292646e+02 8.184579467773437500e+01
2.165863299201516554e+02 3.710041784189260738e+02 9.219203948974609375e+01
2.203285390816482732e+02 4.118120062375535326e+02 1.039182891845703125e+02
2.231485663918887781e+02 4.508976549574907153e+02 1.174558563232421875e+02
2.234713865990731847e+02 4.926967001761640859e+02 1.429863433837890625e+02
2.214419244504442190e+02 5.226182041781555654e+02 1.889038543701171875e+02
2.199655285405177381e+02 5.403592423023894753e+02 2.419570007324218750e+02
2.269168260761335318e+02 5.536099089020372048e+02 2.993561706542968750e+02
2.635720907772288228e+02 5.609702628580728287e+02 3.381363220214843750e+02
3.109553134095434075e+02 5.498332152362896750e+02 3.516966857910156250e+02
3.658083986768534714e+02 5.355024001416970805e+02 3.329831237792968750e+02
4.127276192459405024e+02 5.186654449103859861e+02 3.023839721679687500e+02
4.509208462584252288e+02 4.873472602634803366e+02 2.760608215332031250e+02
4.722511673272824737e+02 4.451202279124539700e+02 2.607295532226562500e+02
4.823156853170955856e+02 4.045860470281862149e+02 2.550643310546875000e+02
4.930657678940717119e+02 3.648559389839920186e+02 2.525682678222656250e+02
4.997920594458486221e+02 3.210148555022594792e+02 2.494263458251953125e+02
1.789173072964537425e+02 2.665428298291972169e+02 2.143851165771484375e+02
1.817421255074295630e+02 2.473369821226829686e+02 2.420295562744140625e+02
1.925979406020220779e+02 2.376012396958294346e+02 2.716487426757812500e+02
2.062513921999463946e+02 2.373115232819201310e+02 2.922094421386718750e+02
2.197667727002910851e+02 2.392736632941750372e+02 3.069174194335937500e+02
2.984716899797028304e+02 2.306088618499156837e+02 3.512201232910156250e+02
3.172033133712469635e+02 2.251056223790785396e+02 3.552904663085937500e+02
3.423903428021599780e+02 2.237083844592524144e+02 3.553141479492187500e+02
3.734825233609068960e+02 2.331794213029449736e+02 3.535331420898437500e+02
3.991042272231158563e+02 2.533246099374808296e+02 3.442767944335937500e+02
2.545740472531786338e+02 2.901665450989965507e+02 3.402587280273437500e+02
2.445514163746553606e+02 3.176234301039751244e+02 3.624132995605468750e+02
2.350821012609145271e+02 3.410002809053307828e+02 3.822489013671875000e+02
2.308346184225643469e+02 3.633395024557673878e+02 3.921241455078125000e+02
2.284184074850643356e+02 3.939833511891083617e+02 3.361776428222656250e+02
2.335902513691023330e+02 3.957037669701668960e+02 3.527067871093750000e+02
2.451362888710171433e+02 3.996494563323375360e+02 3.659644165039062500e+02
2.578341054878982845e+02 3.960735812557443865e+02 3.685395202636718750e+02
2.750113477519913658e+02 3.936969617895985607e+02 3.656088256835937500e+02
1.931710521024816387e+02 3.009145482919728920e+02 2.500785827636718750e+02
1.976205179850260549e+02 2.885399511240041761e+02 2.690039062500000000e+02
2.131336042815563871e+02 2.889950201535691576e+02 2.813909606933593750e+02
2.327300351610371081e+02 2.989470018813188972e+02 2.877924194335937500e+02
2.163394820867800377e+02 3.054296228984757136e+02 2.823188781738281250e+02
1.998332320867800433e+02 3.055860258453966480e+02 2.685209350585937500e+02
3.078555340935201912e+02 2.964960402784159896e+02 3.312104492187500000e+02
3.223615497663909082e+02 2.836069868738510422e+02 3.448694763183593750e+02
3.416727057961856531e+02 2.812051819087009790e+02 3.530191955566406250e+02
3.612695858226102814e+02 2.942820452761181969e+02 3.508968505859375000e+02
3.408285757027420004e+02 2.998704479980468136e+02 3.526505737304687500e+02
3.206825719496782767e+02 3.013454964671414587e+02 3.426439819335937500e+02
2.125606757668887496e+02 4.542302920113356777e+02 3.024469604492187500e+02
2.198914359298406680e+02 4.396046036305145890e+02 3.347461853027343750e+02
2.340740824381510379e+02 4.319016337316175509e+02 3.596987609863281250e+02
2.456116859585631005e+02 4.347006176757811318e+02 3.682045898437500000e+02
2.552100393257888982e+02 4.317086003561580014e+02 3.727306823730468750e+02
2.849404396206724641e+02 4.390904800953583162e+02 3.740806579589843750e+02
3.132706825405943505e+02 4.519622330250458617e+02 3.634844055175781250e+02
2.805374188591451912e+02 4.603190610638785643e+02 3.706966857910156250e+02
2.609987782197839579e+02 4.642501947380513343e+02 3.707758789062500000e+02
2.444149256089154107e+02 4.641244335937498704e+02 3.654436950683593750e+02
2.288859528186274304e+02 4.654606623870250246e+02 3.517143859863281250e+02
2.199500745586320249e+02 4.619852631452970400e+02 3.356130065917968750e+02
2.168051809273514152e+02 4.524484096392462220e+02 3.063956909179687500e+02
2.354927047430300320e+02 4.472999879365807487e+02 3.463477478027343750e+02
2.492571788114659910e+02 4.464014944278491726e+02 3.613521423339843750e+02
2.652442981196384721e+02 4.467611446844361467e+02 3.655404357910156250e+02
3.101594250248927551e+02 4.523238129499845854e+02 3.628091125488281250e+02
2.616957045611213175e+02 4.477821388633577158e+02 3.653218688964843750e+02
2.479529226265701709e+02 4.484182972866880164e+02 3.597089538574218750e+02
2.339339652267156850e+02 4.488998826210170137e+02 3.472650146484375000e+02
