2.978228125777898754e+02 4.097309165086933263e+02 1.664091644287109375e+02
3.017763766120461923e+02 4.380069769646139548e+02 1.635279541015625000e+02
3.076199060477462126e+02 4.648925842763862875e+02 1.611288452148437500e+02
3.148129586612476487e+02 4.906636941827512146e+02 1.594265441894531250e+02
3.266630726533777533e+02 5.187392907714843204e+02 1.630770416259765625e+02
3.510199045817057026e+02 5.409783329264322447e+02 1.730737609863281250e+02
3.804950969621246486e+02 5.565584640682444615e+02 1.875697631835937500e+02
4.134397747563380108e+02 5.713456800752527442e+02 1.956338195800781250e+02
4.455625584022670864e+02 5.787494904641544053e+02 1.830672607421875000e+02
4.665951179055606417e+02 5.699381362496170595e+02 1.627587585449218750e+02
4.722905537923177235e+02 5.538924333639705537e+02 1.299612121582031250e+02
4.720431146359910599e+02 5.356486414770986357e+02 9.821692657470703125e+01
4.728646426930146731e+02 5.125744295486749706e+02 7.393098449707031250e+01
4.738291775572533879e+02 4.850351373889399724e+02 6.275340652465820312e+01
4.768843632716758520e+02 4.591461171946806417e+02 5.863152313232421875e+01
4.811333918552772957e+02 4.315682698448031829e+02 5.544008636474609375e+01
4.843521432913985905e+02 4.023971644263174312e+02 5.488035964965820312e+01
3.660448390586703340e+02 3.823315627333697080e+02 2.386407623291015625e+02
3.849144543217677779e+02 3.740111802523744018e+02 2.481822204589843750e+02
4.062277094822303525e+02 3.714791726684570676e+02 2.500874938964843750e+02
4.236546554266237763e+02 3.745567333026961023e+02 2.488072967529296875e+02
4.361148027008655390e+02 3.786836511828852849e+02 2.451312103271484375e+02
4.866887689328660827e+02 3.777739095829982716e+02 2.145596466064453125e+02
4.953579448625152963e+02 3.740033092902688736e+02 2.057572174072265625e+02
5.042566022087546003e+02 3.712929333735447699e+02 1.918432006835937500e+02
5.120325539981618022e+02 3.737977586813534572e+02 1.715252990722656250e+02
5.128970496084175466e+02 3.804270741062538832e+02 1.494676208496093750e+02
4.645545444862515296e+02 4.112566018377565911e+02 2.295370788574218750e+02
4.720328448127297634e+02 4.323713006591797239e+02 2.380522766113281250e+02
4.792001602472043942e+02 4.516641270536534876e+02 2.465271911621093750e+02
4.812296353209252402e+02 4.680301790603937206e+02 2.478098449707031250e+02
4.476996643066406136e+02 4.814197742417279642e+02 2.298633728027343750e+02
4.572028346641391181e+02 4.832711555510876451e+02 2.312178344726562500e+02
4.672838897106694276e+02 4.864910630648744245e+02 2.282010192871093750e+02
4.726683599733838719e+02 4.829971458764169938e+02 2.213134307861328125e+02
4.758339703728171344e+02 4.797655427102481553e+02 2.116737518310546875e+02
3.886605698529411939e+02 4.082817924230238873e+02 2.351451110839843750e+02
4.025731938380820907e+02 4.010343415383731553e+02 2.398141174316406250e+02
4.155425162521063385e+02 4.018064665431602407e+02 2.340350189208984375e+02
4.247016764322916629e+02 4.091793807564529857e+02 2.223212280273437500e+02
4.157770266065410851e+02 4.132171939505782916e+02 2.300132446289062500e+02
4.020535369274663253e+02 4.129647932942708621e+02 2.358325195312500000e+02
4.741808371151195161e+02 4.077658927648208191e+02 1.928697052001953125e+02
4.872812780043658449e+02 4.004735571648093355e+02 1.895415039062500000e+02
4.982025510301776876e+02 3.992371706375421354e+02 1.810648193359375000e+02
5.019165661381740620e+02 4.050015569230622532e+02 1.663143920898437500e+02
4.964101682176776649e+02 4.099863807708142076e+02 1.781886749267578125e+02
4.855070648791743224e+02 4.112965250531365200e+02 1.882174530029296875e+02
4.217456340116613092e+02 5.168294697361366161e+02 2.225624237060546875e+02
4.419502203249463719e+02 5.119172764677159648e+02 2.305424346923828125e+02
4.602326637417662027e+02 5.077742794739966712e+02 2.297933197021484375e+02
4.680539530436197992e+02 5.095181262925092369e+02 2.250944213867187500e+02
4.730906558766084231e+02 5.074241806209788592e+02 2.220637817382812500e+02
4.808762994504442077e+02 5.100030816052006912e+02 2.058779144287109375e+02
4.820545160031786054e+02 5.144208975279565266e+02 1.858499603271484375e+02
4.781087458591835002e+02 5.227479322725183692e+02 2.029266662597656250e+02
4.720755040785845722e+02 5.275395273724724348e+02 2.115357513427734375e+02
4.641862759459252175e+02 5.284538691980699241e+02 2.187202148437500000e+02
4.517866300695082487e+02 5.280345212928921228e+02 2.250744781494140625e+02
4.409250684551163886e+02 5.234674557435278075e+02 2.263634643554687500e+02
4.258709333831188246e+02 5.162856122663908991e+02 2.218011016845703125e+02
4.527659627278645758e+02 5.166331484805835998e+02 2.233199768066406250e+02
4.642819221047793690e+02 5.162276542394301941e+02 2.194898376464843750e+02
4.707670361088771074e+02 5.156494997989429976e+02 2.120466461181640625e+02
4.810369749779794120e+02 5.147016895249311119e+02 1.878855285644531250e+02
4.706270351035922204e+02 5.159292705939798225e+02 2.121296997070312500e+02
4.631691780838311843e+02 5.170581033624387146e+02 2.179655914306640625e+02
4.529384687835095065e+02 5.166212408806295571e+02 2.234333648681640625e+02
