2.273804008334290643e+02 2.751362427954579744e+02 6.348110198974609375e+01
2.279424120734719281e+02 3.075356757070503591e+02 6.451799774169921875e+01
2.310654756433823422e+02 3.396725348977481076e+02 6.807080841064453125e+01
2.334276228362438701e+02 3.699284511192171863e+02 7.291731262207031250e+01
2.336244029923981032e+02 4.056690122118183126e+02 8.498272705078125000e+01
2.299601160386029051e+02 4.343590023265165883e+02 1.128321151733398438e+02
2.272810926250382977e+02 4.550196599025352953e+02 1.517220458984375000e+02
2.323035310633042059e+02 4.742302259258195818e+02 1.940328521728515625e+02
2.608450496897977473e+02 4.869544495825674630e+02 2.223058166503906250e+02
2.973901470109527736e+02 4.802246583228018153e+02 2.357451629638671875e+02
3.416807071461397527e+02 4.664312921262254577e+02 2.265165405273437500e+02
3.798571199304917627e+02 4.480205273198146187e+02 2.097461242675781250e+02
4.090589070638021667e+02 4.216457038430605735e+02 1.975115356445312500e+02
4.264569799086627881e+02 3.875335248161763957e+02 1.910128784179687500e+02
4.339560835296033474e+02 3.552271175608914859e+02 1.894633331298828125e+02
4.413608564788220860e+02 3.216017670276117997e+02 1.911189270019531250e+02
4.455112674488741504e+02 2.866910456040325244e+02 1.936193542480468750e+02
1.987259810503791186e+02 2.436106043198528823e+02 1.755843505859375000e+02
2.008783441281785827e+02 2.348185653387330944e+02 2.006260986328125000e+02
2.098592985265395043e+02 2.322777465221927855e+02 2.245792541503906250e+02
2.200073062672334459e+02 2.357816782633462935e+02 2.404605712890625000e+02
2.302275402592677551e+02 2.401745795754824826e+02 2.514600524902343750e+02
2.886005448285271200e+02 2.436184690587660384e+02 2.853120727539062500e+02
3.021189916274126972e+02 2.403942148246016473e+02 2.896965026855468750e+02
3.215196741440717005e+02 2.389848443723191735e+02 2.918540649414062500e+02
3.452910727108226183e+02 2.442823292451745374e+02 2.895586242675781250e+02
3.669890443091299517e+02 2.552792321897019860e+02 2.781820373535156250e+02
2.569821463192210445e+02 2.822054420022402610e+02 2.692630310058593750e+02
2.493345481124578669e+02 3.056135034897747573e+02 2.808784790039062500e+02
2.423424372055951324e+02 3.269020005170036143e+02 2.914255371093750000e+02
2.381982856900084187e+02 3.458596938189338061e+02 2.935683898925781250e+02
2.363065792308134121e+02 3.607265218098957575e+02 2.473596954345703125e+02
2.393018783270144070e+02 3.634391984528185731e+02 2.593832092285156250e+02
2.479305132099226512e+02 3.681790375354242997e+02 2.685364074707031250e+02
2.582061468386182810e+02 3.665749772614123003e+02 2.711184997558593750e+02
2.708914163626876643e+02 3.646750365014169120e+02 2.696222534179687500e+02
2.103089052088120070e+02 2.732698513255399462e+02 1.964517517089843750e+02
2.144032698089001201e+02 2.664273321413525650e+02 2.133877868652343750e+02
2.264309732474532666e+02 2.694814377728629893e+02 2.235936889648437500e+02
2.412638246424057797e+02 2.790371763939950256e+02 2.263623657226562500e+02
2.284884166642731316e+02 2.819930363075405921e+02 2.214876098632812500e+02
2.160423345229204699e+02 2.794383358226102700e+02 2.101516723632812500e+02
2.987345669615502857e+02 2.836650959688073499e+02 2.607974548339843750e+02
3.092192224839154733e+02 2.751687295951094256e+02 2.730224914550781250e+02
3.241734749588312070e+02 2.749440706140853763e+02 2.792733154296875000e+02
3.396847264906939472e+02 2.840994582232306129e+02 2.752069091796875000e+02
3.243214382994408993e+02 2.887186815448835091e+02 2.756166076660156250e+02
3.083671513576133520e+02 2.886600713393266915e+02 2.690687561035156250e+02
2.222062456916360134e+02 4.006411227357153848e+02 2.161395568847656250e+02
2.272927915685316975e+02 3.949980282054227700e+02 2.417163391113281250e+02
2.380943117627910510e+02 3.910870471430759494e+02 2.604044799804687500e+02
2.461142897661994482e+02 3.941942541982613193e+02 2.660642700195312500e+02
2.533770932066674391e+02 3.928169663373161029e+02 2.699890747070312500e+02
2.735926596847234578e+02 4.002978921329273589e+02 2.716731262207031250e+02
2.937827841366038228e+02 4.094405760521982529e+02 2.636788024902343750e+02
2.706931810566022705e+02 4.158093053481157995e+02 2.666806030273437500e+02
2.565791852764054966e+02 4.189822944192325167e+02 2.648264465332031250e+02
2.442749802533317620e+02 4.182045745251225526e+02 2.599574890136718750e+02
2.326719034232345109e+02 4.170479151108685301e+02 2.493207397460937500e+02
2.262550964355468750e+02 4.112891015146292375e+02 2.384161529541015625e+02
2.252195378322227270e+02 4.001282401290594635e+02 2.195600433349609375e+02
2.384470470353668645e+02 4.017710120107612966e+02 2.485215759277343750e+02
2.484547482958026592e+02 4.026725351371017041e+02 2.599661254882812500e+02
2.598660687016505335e+02 4.043069918763403621e+02 2.634536132812500000e+02
2.913694757199754690e+02 4.095307722503063133e+02 2.633567810058593750e+02
2.572052462110332272e+02 4.042362207749310983e+02 2.627415771484375000e+02
2.470918156044155580e+02 4.040737983254825849e+02 2.578993225097656250e+02
2.369453900505514525e+02 4.026619102328431836e+02 2.487681884765625000e+02
