1.985861924115349098e+02 2.917110587804456827e+02 5.410221099853515625e+01
2.001583038928462202e+02 3.191543097881241806e+02 5.802817153930664062e+01
2.044276794433593807e+02 3.452640155747357085e+02 6.317742538452148438e+01
2.074587031345741366e+02 3.698267063993565671e+02 6.866781616210937500e+01
2.084810515160654063e+02 3.966510801307827023e+02 8.323160552978515625e+01
2.132508352840647490e+02 4.195987786266849753e+02 1.097753448486328125e+02
2.165346449908088005e+02 4.331469298598344722e+02 1.431652221679687500e+02
2.244826404047947221e+02 4.439061207969515408e+02 1.783690032958984375e+02
2.509836014093136782e+02 4.520957171750535508e+02 1.991884002685546875e+02
2.834222158394607618e+02 4.479345119581034851e+02 2.036217041015625000e+02
3.189835501876531794e+02 4.388395526242723008e+02 1.842063598632812500e+02
3.462400657504212518e+02 4.283230609250535963e+02 1.602046508789062500e+02
3.682424010033701052e+02 4.091069884535845063e+02 1.429004364013671875e+02
3.817671031278722467e+02 3.819587973680683035e+02 1.329236145019531250e+02
3.908710991354549265e+02 3.563409255562576163e+02 1.308247222900390625e+02
3.984903060613893899e+02 3.290060664636948218e+02 1.305885009765625000e+02
4.030724969602098895e+02 2.983400562839881900e+02 1.294350891113281250e+02
1.926944545371859761e+02 2.577766821648092446e+02 1.489024353027343750e+02
1.982637045467601240e+02 2.476886039464613418e+02 1.685339202880859375e+02
2.093140343759574193e+02 2.433585824884152373e+02 1.857778625488281250e+02
2.204028712253944491e+02 2.448361316336836921e+02 1.973322906494140625e+02
2.306236671597350210e+02 2.473509762812595341e+02 2.047054138183593750e+02
2.852668340944777015e+02 2.467643776568244220e+02 2.237336730957031250e+02
2.976198129691330223e+02 2.437260080554438275e+02 2.251843719482421875e+02
3.139590632419960343e+02 2.427960591813629492e+02 2.234689941406250000e+02
3.332879496256510947e+02 2.482254960482728166e+02 2.183582916259765625e+02
3.485101976581648273e+02 2.597577513032800880e+02 2.075050048828125000e+02
2.562480033724915529e+02 2.823436601107727597e+02 2.188629302978515625e+02
2.509725126977060654e+02 3.012990756046070260e+02 2.324860229492187500e+02
2.449203401453355013e+02 3.174085072715608931e+02 2.448426971435546875e+02
2.421364087871476727e+02 3.325149259559780148e+02 2.489323730468750000e+02
2.339637007769416357e+02 3.480584961416206511e+02 2.121317596435546875e+02
2.382827683991076810e+02 3.497990385048061626e+02 2.214133758544921875e+02
2.461021790747549289e+02 3.530579925417432037e+02 2.279410552978515625e+02
2.546804583979587733e+02 3.515657082232306720e+02 2.283486022949218750e+02
2.654474046894148387e+02 3.504879740875842344e+02 2.250667419433593750e+02
2.067205475451899588e+02 2.819692739928001970e+02 1.665074310302734375e+02
2.123675052418428493e+02 2.749479037296070487e+02 1.791479797363281250e+02
2.238344372917624128e+02 2.761624885589000655e+02 1.858721771240234375e+02
2.364505201751110803e+02 2.833114416264552347e+02 1.868968505859375000e+02
2.253235809326172046e+02 2.869714293715532563e+02 1.849600830078125000e+02
2.134935248879825451e+02 2.860356134033202693e+02 1.772132720947265625e+02
2.894618931190640296e+02 2.849906444355085569e+02 2.062396850585937500e+02
3.001606019263174403e+02 2.774006959084903201e+02 2.138724670410156250e+02
3.133292513978247484e+02 2.766905077646292739e+02 2.167839660644531250e+02
3.251225923426011377e+02 2.848063560216567112e+02 2.122171173095703125e+02
3.124603819604013779e+02 2.885666142362706523e+02 2.153022766113281250e+02
2.988352744906556495e+02 2.889593338192210012e+02 2.116009216308593750e+02
2.182289153454350412e+02 3.815163471775427979e+02 1.909634094238281250e+02
2.260119577445235848e+02 3.751584209846047315e+02 2.106521301269531250e+02
2.370649850882736018e+02 3.721908852251837629e+02 2.238145141601562500e+02
2.447382482790479798e+02 3.750711563888249884e+02 2.275718383789062500e+02
2.509794298957376100e+02 3.739794529813877944e+02 2.295303192138671875e+02
2.687113394942938385e+02 3.796909776156555836e+02 2.280242919921875000e+02
2.850603200875076482e+02 3.874475843721277215e+02 2.180761718750000000e+02
2.655913748946844066e+02 3.903451581648283764e+02 2.254552154541015625e+02
2.536492660223268558e+02 3.917999470310584229e+02 2.268599700927734375e+02
2.425709880155675364e+02 3.907996315630743993e+02 2.250233764648437500e+02
2.313586435355392155e+02 3.903009767300474095e+02 2.181893615722656250e+02
2.246864857991536155e+02 3.868353641764322219e+02 2.094608001708984375e+02
2.211729056564031737e+02 3.806694046798406248e+02 1.932997131347656250e+02
2.364568689682904505e+02 3.806727380371092977e+02 2.154083557128906250e+02
2.460617067224839047e+02 3.818132857259113848e+02 2.227582550048828125e+02
2.560151693306717107e+02 3.831954151108685096e+02 2.237126617431640625e+02
2.827480684168198195e+02 3.874478733915440216e+02 2.183553314208984375e+02
2.536970023959290756e+02 3.814165969429763550e+02 2.240988616943359375e+02
2.446056461708218421e+02 3.811360939654181266e+02 2.219311676025390625e+02
2.347098236682368224e+02 3.799585710592830310e+02 2.159750671386718750e+02
