3.186621298098096418e+02 2.133434823309206934e+02 1.140079498291015625e+02
3.229894558476466955e+02 2.370804815434475188e+02 1.104921264648437500e+02
3.283567476758769885e+02 2.604083737721163061e+02 1.085325393676757812e+02
3.351763195561427437e+02 2.820464922018612697e+02 1.071403121948242188e+02
3.471441612094056381e+02 3.053897761804918218e+02 1.106812438964843750e+02
3.671176388011259064e+02 3.241276957672718027e+02 1.222211456298828125e+02
3.901003149294385821e+02 3.364259745758655527e+02 1.362104339599609375e+02
4.178002361222809213e+02 3.447888041657093936e+02 1.464987182617187500e+02
4.453537606033624456e+02 3.475340906958487608e+02 1.396692657470703125e+02
4.639929151348039795e+02 3.384513824343214878e+02 1.246452713012695312e+02
4.704645331887638235e+02 3.257655721507354087e+02 9.745275878906250000e+01
4.729717967313878830e+02 3.106589276960785355e+02 7.179605102539062500e+01
4.750790339451210684e+02 2.909830186312807427e+02 5.357589340209960938e+01
4.748886505725337202e+02 2.667152268832338677e+02 4.672565841674804688e+01
4.767960815429688068e+02 2.442997614123775065e+02 4.519259643554687500e+01
4.790746494667203024e+02 2.214488542624081333e+02 4.439142990112304688e+01
4.805013071097580450e+02 1.973328948854933174e+02 4.520124435424804688e+01
3.664151892568551148e+02 1.928509987505744903e+02 1.799238739013671875e+02
3.801294613108915428e+02 1.863013117352654433e+02 1.891875457763671875e+02
3.959715512743183581e+02 1.827690284758923553e+02 1.920062561035156250e+02
4.092370272767310553e+02 1.829572829482135035e+02 1.924312591552734375e+02
4.192164681228937297e+02 1.843675102562998518e+02 1.902229614257812500e+02
4.605886484183517950e+02 1.798226424452838330e+02 1.717959747314453125e+02
4.680893012551700849e+02 1.765182708919750212e+02 1.662963562011718750e+02
4.764898064108456310e+02 1.743279707545860902e+02 1.567126464843750000e+02
4.853304328469669713e+02 1.760450979374904819e+02 1.426951446533203125e+02
4.893545716528799403e+02 1.810260560458314671e+02 1.253556747436523438e+02
4.440377739401425288e+02 2.079145319800284142e+02 1.805203552246093750e+02
4.493987666111366934e+02 2.245703154799518302e+02 1.874920196533203125e+02
4.554002916523054978e+02 2.393909391994102975e+02 1.944559936523437500e+02
4.579670689003140751e+02 2.526798211669922694e+02 1.952950134277343750e+02
4.339052910299861878e+02 2.657471224197687434e+02 1.770423889160156250e+02
4.416813081629136377e+02 2.667032891247320094e+02 1.786721496582031250e+02
4.502890687231924289e+02 2.686437797277114896e+02 1.770463867187500000e+02
4.550106750488281477e+02 2.651732027420343911e+02 1.723914642333984375e+02
4.592190373439415225e+02 2.622039797794118385e+02 1.650422668457031250e+02
3.862513826258042400e+02 2.107752964274089322e+02 1.789753265380859375e+02
3.961170088824104027e+02 2.045812073830997804e+02 1.833788909912109375e+02
4.063845476337507989e+02 2.040944094669118272e+02 1.800519714355468750e+02
4.146048722211052677e+02 2.090986302873200771e+02 1.718245391845703125e+02
4.072976190305223554e+02 2.130548750813802599e+02 1.770156402587890625e+02
3.963317771163641510e+02 2.137443681784237697e+02 1.805326843261718750e+02
4.552923583984375568e+02 2.048608772307752020e+02 1.531999359130859375e+02
4.650494704302619766e+02 1.983961910352520590e+02 1.525994567871093750e+02
4.741394368489583826e+02 1.970477416274127336e+02 1.478632965087890625e+02
4.794819498697917197e+02 2.015025390505323912e+02 1.372369232177734375e+02
4.740325700348499254e+02 2.057570049689798566e+02 1.451308593750000000e+02
4.646637694115732984e+02 2.073701065242992172e+02 1.509534149169921875e+02
4.146843379001991821e+02 2.974447681382123960e+02 1.674965667724609375e+02
4.305614930395986448e+02 2.905396184464997873e+02 1.750150604248046875e+02
4.452365954829197108e+02 2.856338045486750161e+02 1.760835113525390625e+02
4.521347257726332600e+02 2.865756618604474397e+02 1.729368896484375000e+02
4.564028564453125227e+02 2.845441896206725687e+02 1.710004425048828125e+02
4.653194547765395441e+02 2.860899701765472400e+02 1.579790191650390625e+02
4.698352700626148817e+02 2.894755184876686371e+02 1.409369049072265625e+02
4.648935155531939927e+02 2.959790501493566808e+02 1.559348754882812500e+02
4.598821877872243249e+02 3.000533752920114239e+02 1.628925628662109375e+02
4.531378476610370853e+02 3.015461999511719569e+02 1.679659576416015625e+02
4.422672770182291515e+02 3.029630049641928053e+02 1.720119018554687500e+02
4.323809825224035421e+02 3.007744954905791701e+02 1.716886749267578125e+02
4.179965963326248470e+02 2.963920170084636538e+02 1.669905090332031250e+02
4.406804624071308467e+02 2.932195974791284812e+02 1.700557556152343750e+02
4.504173280005361448e+02 2.920114008166744384e+02 1.680650939941406250e+02
4.564638345157399044e+02 2.911606206437654123e+02 1.627045745849609375e+02
4.684227944766773817e+02 2.897193352673101572e+02 1.425030670166015625e+02
4.568510476505055067e+02 2.906525337249158838e+02 1.628471221923828125e+02
4.505040916293274904e+02 2.926403933536305999e+02 1.669705963134765625e+02
4.415459817325368022e+02 2.935278304036459076e+02 1.700590820312500000e+02
