2.949433338090485108e+02 4.133875901644837541e+02 1.647693328857421875e+02
2.997820270313935680e+02 4.417060401348038567e+02 1.621683807373046875e+02
3.061280022714652205e+02 4.695325405225566442e+02 1.598478393554687500e+02
3.134311423806582866e+02 4.963437735045189356e+02 1.585386657714843750e+02
3.266657990698720369e+02 5.236773416436886919e+02 1.613305053710937500e+02
3.523924096200979648e+02 5.459380217189413997e+02 1.716766052246093750e+02
3.829969839058670118e+02 5.600597801537606983e+02 1.867884216308593750e+02
4.173271051743450926e+02 5.731617817478554571e+02 1.961339721679687500e+02
4.503873521991804409e+02 5.788490480191100005e+02 1.856118927001953125e+02
4.717771782370174378e+02 5.691374561264935892e+02 1.649741516113281250e+02
4.776701107249540428e+02 5.528029650400198989e+02 1.302264556884765625e+02
4.771031895057827796e+02 5.353486200549555178e+02 9.776467132568359375e+01
4.775867189893535283e+02 5.114361747472426600e+02 7.354735565185546875e+01
4.779476079005821134e+02 4.840892924469592344e+02 6.273078536987304688e+01
4.804345621744791970e+02 4.591586413693895565e+02 5.886190032958984375e+01
4.837017532647824964e+02 4.309410784433402455e+02 5.582680130004882812e+01
4.854063705145143786e+02 4.016463016165939734e+02 5.584297561645507812e+01
3.626882253609451254e+02 3.852787756108302801e+02 2.392215423583984375e+02
3.814007971071729344e+02 3.770373965872970530e+02 2.496142578125000000e+02
4.028562979903875885e+02 3.737079121787875238e+02 2.523646240234375000e+02
4.205305771173215135e+02 3.759978708184934248e+02 2.515002899169921875e+02
4.333205822514552779e+02 3.796658499504538327e+02 2.481184539794921875e+02
4.849597391764323220e+02 3.770039136879117336e+02 2.187852478027343750e+02
4.940217117608762010e+02 3.728555698349896943e+02 2.102201995849609375e+02
5.034352668313418917e+02 3.698147387515797959e+02 1.962657775878906250e+02
5.115740535960478041e+02 3.721569906376857944e+02 1.758292541503906250e+02
5.128293034572227498e+02 3.786368444884057567e+02 1.532255096435546875e+02
4.631247461655560755e+02 4.111486241838043725e+02 2.330380706787109375e+02
4.710611422669653621e+02 4.328458705408432934e+02 2.417391967773437500e+02
4.787506772508808126e+02 4.525304049503102419e+02 2.504004058837890625e+02
4.813521795534620082e+02 4.692269506596584279e+02 2.513552093505859375e+02
4.467475572773054182e+02 4.831052391381357438e+02 2.315712585449218750e+02
4.566479559206495082e+02 4.849688556027880395e+02 2.330545806884765625e+02
4.671409214393765410e+02 4.879536554553462224e+02 2.300037994384765625e+02
4.729027354520910080e+02 4.841517977127374479e+02 2.233131561279296875e+02
4.765121062634037798e+02 4.804978793753829791e+02 2.136278076171875000e+02
3.857637475107230216e+02 4.097992696006625692e+02 2.363560638427734375e+02
3.997159189860026345e+02 4.021109774002374593e+02 2.416604919433593750e+02
4.130272188074448536e+02 4.026185147633271981e+02 2.362748870849609375e+02
4.227345332126991480e+02 4.100324697337431417e+02 2.247283172607421875e+02
4.135605752383961544e+02 4.143877225868374694e+02 2.320611267089843750e+02
3.994498573452818846e+02 4.143624815578086782e+02 2.375362854003906250e+02
4.734220070034849641e+02 4.071869579719094645e+02 1.962644348144531250e+02
4.867135860667509633e+02 3.992201666618796025e+02 1.935010681152343750e+02
4.980855945063572108e+02 3.976355117378983550e+02 1.850563659667968750e+02
5.021691691080729356e+02 4.034090503049364997e+02 1.699588317871093750e+02
4.963385492063035827e+02 4.087566224221622520e+02 1.820141906738281250e+02
4.850993355545343206e+02 4.104840625718061347e+02 1.918907928466796875e+02
4.183581530402688031e+02 5.168814546951592774e+02 2.224618377685546875e+02
4.394253081677006776e+02 5.129917350499770237e+02 2.310554504394531250e+02
4.592088220932904505e+02 5.092794347905178256e+02 2.305840911865234375e+02
4.676469173655790428e+02 5.108591571164598690e+02 2.259494018554687500e+02
4.730076495002297179e+02 5.086255957988664704e+02 2.230107879638671875e+02
4.818714511048559643e+02 5.098814236988740731e+02 2.062613067626953125e+02
4.840282874013863079e+02 5.125952004107307403e+02 1.853867187500000000e+02
4.795825329350490165e+02 5.215780394789751426e+02 2.034778747558593750e+02
4.731163015328201027e+02 5.266814865291819387e+02 2.126765441894531250e+02
4.645350838455499343e+02 5.279256958486519125e+02 2.199625396728515625e+02
4.511635427437576027e+02 5.278056564510569615e+02 2.261765289306640625e+02
4.392823398964077342e+02 5.234449700329350890e+02 2.269975738525390625e+02
4.224273633769913658e+02 5.163140132410385377e+02 2.217154998779296875e+02
4.514194983388863420e+02 5.176621154067095176e+02 2.240774993896484375e+02
4.640345022164138982e+02 5.171140575214460569e+02 2.202747955322265625e+02
4.712455559225643356e+02 5.159658797200520439e+02 2.127988433837890625e+02
4.829177784639246056e+02 5.129642204015394782e+02 1.873857269287109375e+02
4.713452098173253262e+02 5.155171481742111155e+02 2.131469421386718750e+02
4.632577721689261239e+02 5.171320730650659243e+02 2.191532440185546875e+02
4.519867663813571994e+02 5.168374081361059780e+02 2.245433654785156250e+02
