2.268367302389705742e+02 2.733654572610295190e+02 6.508600616455078125e+01
2.285715877757352814e+02 3.061537500000000591e+02 6.548076629638671875e+01
2.328042279411764355e+02 3.382247403492648345e+02 6.804611968994140625e+01
2.351190142463234736e+02 3.698025321691177965e+02 7.167636871337890625e+01
2.340177734374999545e+02 4.056743841911766140e+02 8.396192932128906250e+01
2.325237362132352246e+02 4.346611488970589221e+02 1.135895309448242188e+02
2.314218060661764014e+02 4.568338511029413098e+02 1.519846954345703125e+02
2.390572725183822911e+02 4.761421001838236293e+02 1.922311401367187500e+02
2.682380514705881751e+02 4.872131479779412757e+02 2.177082214355468750e+02
3.035563189338234906e+02 4.815364476102942604e+02 2.295194396972656250e+02
3.437704963235293576e+02 4.662748667279412871e+02 2.183681030273437500e+02
3.809217141544116885e+02 4.478324264705884161e+02 2.011991424560546875e+02
4.098002068014705515e+02 4.211434558823531233e+02 1.899680480957031250e+02
4.262583180147058215e+02 3.882915946691177851e+02 1.860139465332031250e+02
4.347287913602940534e+02 3.553124586397060511e+02 1.868075256347656250e+02
4.417701516544116771e+02 3.213477987132354201e+02 1.903005676269531250e+02
4.459579273897059011e+02 2.866734995404412984e+02 1.941481323242187500e+02
1.954922162224264639e+02 2.436239648437501160e+02 1.774285125732421875e+02
1.973378102022058727e+02 2.344074839154412757e+02 2.038079528808593750e+02
2.062425206801470381e+02 2.317439211856618613e+02 2.270020294189453125e+02
2.164353285845588175e+02 2.350585868566177510e+02 2.438864898681640625e+02
2.267166704963235020e+02 2.393671806066177510e+02 2.546300048828125000e+02
2.867690831801470495e+02 2.424647966452207015e+02 2.897450256347656250e+02
3.010656479779411256e+02 2.385803584558824753e+02 2.941158447265625000e+02
3.212178768382352700e+02 2.364315935202207015e+02 2.953076171875000000e+02
3.457602481617647072e+02 2.415446794577206902e+02 2.912679138183593750e+02
3.670328814338235475e+02 2.530373609834559829e+02 2.792730102539062500e+02
2.547493566176470381e+02 2.834492922794119067e+02 2.712547302246093750e+02
2.471738511029411427e+02 3.075343106617648345e+02 2.829111938476562500e+02
2.398851217830882092e+02 3.289767509191177624e+02 2.939747619628906250e+02
2.377146943933823309e+02 3.485416406250001273e+02 2.964288940429687500e+02
2.362539292279411143e+02 3.641173759191177624e+02 2.495608673095703125e+02
2.398714499080881808e+02 3.669161351102942490e+02 2.617348327636718750e+02
2.486473230698528880e+02 3.716405836397060511e+02 2.705066528320312500e+02
2.585999540441175668e+02 3.690336672794119295e+02 2.729075927734375000e+02
2.713642922794116998e+02 3.666867003676471768e+02 2.709486389160156250e+02
2.083290326286764298e+02 2.758556686580883479e+02 1.988362579345703125e+02
2.116547104779411370e+02 2.689601148897060057e+02 2.160012817382812500e+02
2.235658088235293803e+02 2.713222012867648232e+02 2.258094177246093750e+02
2.387544347426470210e+02 2.805723621323530779e+02 2.288347473144531250e+02
2.261038258272058670e+02 2.845159283088236180e+02 2.236876220703125000e+02
2.140075022977940762e+02 2.826137224264707015e+02 2.122588195800781250e+02
2.977621093749999659e+02 2.843166291360295190e+02 2.626492004394531250e+02
3.083285615808823081e+02 2.760847357536765685e+02 2.750532531738281250e+02
3.236121783088235020e+02 2.758576677389706902e+02 2.811134643554687500e+02
3.393358685661764298e+02 2.846786121323530665e+02 2.761958312988281250e+02
3.238356847426470040e+02 2.897235225183824809e+02 2.768031005859375000e+02
3.078144301470588289e+02 2.894650781250001046e+02 2.701187744140625000e+02
2.250083295036764071e+02 4.080592647058824696e+02 2.195755920410156250e+02
2.296364085477940478e+02 4.008471093750001728e+02 2.448401641845703125e+02
2.400231158088234622e+02 3.964617003676472109e+02 2.624805908203125000e+02
2.482868221507352473e+02 3.996152849264707356e+02 2.677749023437500000e+02
2.552290670955881637e+02 3.978792095588236748e+02 2.713408508300781250e+02
2.759442095588234451e+02 4.046334604779412984e+02 2.721590576171875000e+02
2.965512178308822513e+02 4.141791176470590017e+02 2.627795410156250000e+02
2.745430721507352700e+02 4.211842876838236407e+02 2.664368896484375000e+02
2.611222081801470267e+02 4.250946737132354087e+02 2.648887329101562500e+02
2.489245863970587607e+02 4.249823345588236521e+02 2.607111816406250000e+02
2.370667509191175952e+02 4.239139522058824809e+02 2.511228637695312500e+02
2.301748276654411143e+02 4.180997518382354201e+02 2.408064575195312500e+02
2.280051700367646390e+02 4.075303584558824923e+02 2.231476745605468750e+02
2.415437040441175895e+02 4.080034742647060284e+02 2.514129333496093750e+02
2.515457605698528880e+02 4.085902159926471882e+02 2.617551879882812500e+02
2.629803193933822740e+02 4.100685477941177624e+02 2.645277709960937500e+02
2.940959214154411256e+02 4.143480055147060170e+02 2.626759338378906250e+02
2.611627068014705628e+02 4.105313924632354201e+02 2.638038330078125000e+02
2.510806870404411200e+02 4.105753262867648345e+02 2.597401428222656250e+02
2.406727251838234736e+02 4.094480744485295531e+02 2.511660461425781250e+02
