1.967369787477979344e+02 2.901202959127986674e+02 5.247626495361328125e+01
1.987200469372319276e+02 3.167027218568090348e+02 5.568131637573242188e+01
2.035999278349034967e+02 3.416899436681410407e+02 6.058721923828125000e+01
2.076704387589996941e+02 3.652373478190103242e+02 6.630519104003906250e+01
2.094965116014667501e+02 3.921592752374386919e+02 7.980254364013671875e+01
2.140142704383999614e+02 4.146939264514398928e+02 1.036419448852539062e+02
2.165200109743604173e+02 4.289802525419346466e+02 1.346161651611328125e+02
2.248935393090341393e+02 4.425449742216221694e+02 1.670800170898437500e+02
2.501107820398667059e+02 4.514877359307980669e+02 1.845858612060546875e+02
2.807845668418734704e+02 4.467787618480008405e+02 1.884082489013671875e+02
3.130924096200980102e+02 4.367070902985217344e+02 1.690402984619140625e+02
3.366751223096660510e+02 4.254727321729472465e+02 1.464209747314453125e+02
3.559744323730468523e+02 4.049647429103476952e+02 1.304060821533203125e+02
3.675523382448682241e+02 3.790488535443473666e+02 1.212546539306640625e+02
3.767460458792891700e+02 3.547311066750918371e+02 1.180180816650390625e+02
3.858581922344132522e+02 3.293154135790057921e+02 1.162651672363281250e+02
3.922162918390012578e+02 2.997753941434972376e+02 1.151744461059570312e+02
1.912309854544845393e+02 2.581085294416838565e+02 1.463195343017578125e+02
1.970206802068972252e+02 2.495129860253427125e+02 1.663146057128906250e+02
2.082790847479128615e+02 2.462484250117282727e+02 1.837109527587890625e+02
2.195231731938380904e+02 2.487711647063610201e+02 1.953169097900390625e+02
2.297220518224379759e+02 2.519563754392137298e+02 2.020567474365234375e+02
2.835614075903799289e+02 2.519470593800263885e+02 2.199188690185546875e+02
2.960774319517846607e+02 2.483878238034715764e+02 2.204538726806640625e+02
3.120417277018229356e+02 2.465628492347866541e+02 2.172672424316406250e+02
3.310397831935508748e+02 2.507730625107708988e+02 2.106065216064453125e+02
3.454827192717907565e+02 2.615215886314242653e+02 1.979535980224609375e+02
2.545986177332260922e+02 2.849551913871016495e+02 2.149091033935546875e+02
2.498002210430070704e+02 3.041202037616803864e+02 2.275243988037109375e+02
2.442639866847617895e+02 3.207731268071192972e+02 2.389371643066406250e+02
2.418073698156020441e+02 3.359739681348613090e+02 2.425910186767578125e+02
2.332330789603439030e+02 3.504404785634956170e+02 2.068168792724609375e+02
2.376435056200214717e+02 3.524175255150887551e+02 2.158794403076171875e+02
2.452453135770909967e+02 3.558543902707566531e+02 2.219757843017578125e+02
2.534298135794845166e+02 3.543541290163525446e+02 2.219544219970703125e+02
2.638151289995979027e+02 3.531937642295687283e+02 2.179441070556640625e+02
2.047708418303845121e+02 2.817224803131701378e+02 1.636304168701171875e+02
2.106669535319010720e+02 2.752284452430874353e+02 1.761085357666015625e+02
2.222000228582644183e+02 2.766492646939146312e+02 1.826794738769531250e+02
2.347975314271216405e+02 2.839745870433133632e+02 1.834946136474609375e+02
2.236734727448108515e+02 2.874098332902496509e+02 1.816004333496093750e+02
2.115528365789675433e+02 2.863251819565716687e+02 1.740221252441406250e+02
2.877884899662990392e+02 2.865909738458371407e+02 2.006119384765625000e+02
2.991019430721507320e+02 2.792673856129365504e+02 2.078246612548828125e+02
3.122654287300857732e+02 2.787448866780598564e+02 2.098718872070312500e+02
3.235260876225490279e+02 2.869092805630552903e+02 2.042723236083984375e+02
3.113657690908394784e+02 2.907700404627182706e+02 2.081596527099609375e+02
2.974980587230009519e+02 2.908738755050359828e+02 2.055737609863281250e+02
2.189028219185623243e+02 3.832294808660768695e+02 1.851040191650390625e+02
2.257377553902420289e+02 3.777003467514934982e+02 2.049787139892578125e+02
2.361775220683976499e+02 3.749211360437728899e+02 2.178029327392578125e+02
2.434492505840226499e+02 3.779039898322610043e+02 2.212017517089843750e+02
2.495016928878484919e+02 3.767983364209941328e+02 2.230270538330078125e+02
2.667897553687002414e+02 3.824038872692631230e+02 2.203894042968750000e+02
2.826007841222426009e+02 3.898654244695924262e+02 2.090277557373046875e+02
2.642709415211396617e+02 3.942011781460630573e+02 2.166417846679687500e+02
2.528503392836626631e+02 3.964819459683286595e+02 2.177995910644531250e+02
2.421388269162645202e+02 3.958023649806601725e+02 2.162845153808593750e+02
2.311973996031517800e+02 3.948355179610906589e+02 2.103300628662109375e+02
2.247857543346928537e+02 3.902621517884497280e+02 2.023212280273437500e+02
2.216915895349839047e+02 3.826326557712928320e+02 1.873968353271484375e+02
2.357077402750650776e+02 3.832794234212238962e+02 2.089342651367187500e+02
2.447412251790364621e+02 3.846405507285921885e+02 2.160415496826171875e+02
2.543151282216987852e+02 3.860911006433822763e+02 2.165267333984375000e+02
2.803846988453584572e+02 3.899531322284772727e+02 2.095561981201171875e+02
2.524546524347043146e+02 3.856211165364582598e+02 2.162075195312500000e+02
2.436966993743297962e+02 3.853015188658470151e+02 2.144461975097656250e+02
2.342863235174440888e+02 3.838071728754978267e+02 2.088537597656250000e+02
