3.096663049436083384e+02 2.148727311556947370e+02 1.320426330566406250e+02
3.130079137166341638e+02 2.383151923564836352e+02 1.314607696533203125e+02
3.196927449544270985e+02 2.615104359824985067e+02 1.298755645751953125e+02
3.256025320913277596e+02 2.830850032312729923e+02 1.293820495605468750e+02
3.361799539005055522e+02 3.069249239334405956e+02 1.350146026611328125e+02
3.569065092797372927e+02 3.272170156920190038e+02 1.487461853027343750e+02
3.817530557071461317e+02 3.396869896264170166e+02 1.645095367431640625e+02
4.103480201870787596e+02 3.487139523255591484e+02 1.769785614013671875e+02
4.400551313811657792e+02 3.541958221315870787e+02 1.704730224609375000e+02
4.602344092275582170e+02 3.470745571241192238e+02 1.529326782226562500e+02
4.675259452071844635e+02 3.356835119389553483e+02 1.218719482421875000e+02
4.706469888126149499e+02 3.239936206772748619e+02 9.390129852294921875e+01
4.731401088340610386e+02 3.048084540153952844e+02 7.086306762695312500e+01
4.735141770306756257e+02 2.816696173454733980e+02 5.792386245727539062e+01
4.738205761479397324e+02 2.588557541073070070e+02 5.213648986816406250e+01
4.745214675005745448e+02 2.348374217194202629e+02 4.829632186889648438e+01
4.751704316980699332e+02 2.088068879849303698e+02 4.688107299804687500e+01
3.644361683565028329e+02 1.902697462074429779e+02 1.932252502441406250e+02
3.797010852888519139e+02 1.835287681310317680e+02 2.017210998535156250e+02
3.960588520723231341e+02 1.801783346318264023e+02 2.040475463867187500e+02
4.103491762647442442e+02 1.808457912549785931e+02 2.032676239013671875e+02
4.209560539694393810e+02 1.830456432746438793e+02 2.006594085693359375e+02
4.625749462651272097e+02 1.809694289443072535e+02 1.801474761962890625e+02
4.703913222369026244e+02 1.778536936621572977e+02 1.732251129150390625e+02
4.785967376110601208e+02 1.760382278322706497e+02 1.623363189697265625e+02
4.868172397987515865e+02 1.783954557411344126e+02 1.475011901855468750e+02
4.890529976639093661e+02 1.841962103032131495e+02 1.293313446044921875e+02
4.449206576478247825e+02 2.073153069469976231e+02 1.922755126953125000e+02
4.509746895584406161e+02 2.234789490224801511e+02 2.012621002197265625e+02
4.575225207758885517e+02 2.381464242852903510e+02 2.100431213378906250e+02
4.598590115416284334e+02 2.517311461085899680e+02 2.129860534667968750e+02
4.325929005342371738e+02 2.648345157279220530e+02 1.970132598876953125e+02
4.413822122012868476e+02 2.660144952990962679e+02 1.989671478271484375e+02
4.509522809196921571e+02 2.684237129839729050e+02 1.975304107666015625e+02
4.556052237716376112e+02 2.657917384009268176e+02 1.921317596435546875e+02
4.594972941080729925e+02 2.638706263403799426e+02 1.835148162841796875e+02
3.841690268123851411e+02 2.083266147867838924e+02 1.932335357666015625e+02
3.947706347297220191e+02 2.022667928538603519e+02 1.966421966552734375e+02
4.051244084975298847e+02 2.024314568493413447e+02 1.922381591796875000e+02
4.129609483905867364e+02 2.084069814524931417e+02 1.841524963378906250e+02
4.057529197543275359e+02 2.116682572787416348e+02 1.901120605468750000e+02
3.947507983637791540e+02 2.114933619959214752e+02 1.945575561523437500e+02
4.549722712498086139e+02 2.068765658389821169e+02 1.631299743652343750e+02
4.654082614075904303e+02 2.006758565745634542e+02 1.615003662109375000e+02
4.746957076727176172e+02 1.997840486294616085e+02 1.556955871582031250e+02
4.790764327703737990e+02 2.046372530350031127e+02 1.445443115234375000e+02
4.743663796817555749e+02 2.083981856282552485e+02 1.538482513427734375e+02
4.646057700961244450e+02 2.097627426326976661e+02 1.605838317871093750e+02
4.124176496917126542e+02 2.969952957931219544e+02 1.936963500976562500e+02
4.296179273418351841e+02 2.890731001790364871e+02 2.000308074951171875e+02
4.450021996591606239e+02 2.845538962450215195e+02 2.007418975830078125e+02
4.524671472886029733e+02 2.860658338838465511e+02 1.975247497558593750e+02
4.570401088340610158e+02 2.844632790240119675e+02 1.948869476318359375e+02
4.658726963417203706e+02 2.881638643631281411e+02 1.810282440185546875e+02
4.688966486912148639e+02 2.941048126101027265e+02 1.646945953369140625e+02
4.644162504308364419e+02 2.989351363118490212e+02 1.814674072265625000e+02
4.589831092984069301e+02 3.016366393324908586e+02 1.892856445312500000e+02
4.516948874080882774e+02 3.021744659304151810e+02 1.948247680664062500e+02
4.402521655512791199e+02 3.033644166714537960e+02 1.991293487548828125e+02
4.302361784093520782e+02 3.010007773485370990e+02 1.988773345947265625e+02
4.158807574103860816e+02 2.959642864631204588e+02 1.929288940429687500e+02
4.394924298454733957e+02 2.926691182933134314e+02 1.953252716064453125e+02
4.497785923378140751e+02 2.920866478295420166e+02 1.933526611328125000e+02
4.559971726361443416e+02 2.924785003542433515e+02 1.876734619140625000e+02
4.674390467026655074e+02 2.942604399318321384e+02 1.662711181640625000e+02
4.559868642769608300e+02 2.918374552887561890e+02 1.885552978515625000e+02
4.492215941186045711e+02 2.929799875775506166e+02 1.926402435302734375e+02
4.398541280110677576e+02 2.934222258205040248e+02 1.958351898193359375e+02
