2.111301760206035567e+02 3.247651418887866726e+02 8.121109008789062500e+01
2.129579212861902420e+02 3.644695820168886939e+02 8.989888000488281250e+01
2.164673891553691760e+02 4.041283422372854375e+02 1.003170166015625000e+02
2.183176915785845154e+02 4.399741609700519689e+02 1.127190628051757812e+02
2.186788888968673064e+02 4.807657862285537931e+02 1.359393005371093750e+02
2.189649622300091494e+02 5.114752935910690894e+02 1.795017700195312500e+02
2.183277724322150277e+02 5.297218715533086879e+02 2.320174865722656250e+02
2.253926376043581286e+02 5.452107870902265176e+02 2.889375305175781250e+02
2.589422341739429498e+02 5.555081960880053202e+02 3.278191223144531250e+02
3.062946985581340869e+02 5.462992863913141264e+02 3.402811279296875000e+02
3.615344827090991657e+02 5.315175610351560636e+02 3.247950134277343750e+02
4.101649864047180927e+02 5.161953954599416647e+02 2.984777526855468750e+02
4.483120011871935731e+02 4.897663915536916761e+02 2.799927673339843750e+02
4.689639107498468320e+02 4.499915018956800736e+02 2.655775756835937500e+02
4.811604128370098579e+02 4.131723983704809484e+02 2.609572448730468750e+02
4.923031829235600298e+02 3.724860731177236062e+02 2.556527252197265625e+02
5.004764263078278645e+02 3.270783318254058827e+02 2.515494689941406250e+02
1.789235953536688157e+02 2.599883545161227403e+02 2.182061462402343750e+02
1.832403466318168057e+02 2.425479454130284012e+02 2.468156890869140625e+02
1.955877787272135606e+02 2.340927874636181514e+02 2.729712524414062500e+02
2.095950250363817702e+02 2.346639443431180325e+02 2.939627075195312500e+02
2.235436659869025959e+02 2.376782609767539043e+02 3.089167785644531250e+02
3.018720983168658449e+02 2.338080283011641427e+02 3.510937194824218750e+02
3.203669380935967865e+02 2.286901984959021661e+02 3.554571228027343750e+02
3.449942306219362536e+02 2.267920951933018614e+02 3.562029113769531250e+02
3.754562413832720722e+02 2.355017364741306096e+02 3.529391479492187500e+02
4.011819477156096809e+02 2.544885501876531180e+02 3.433243713378906250e+02
2.578840606091069390e+02 2.871745702646292102e+02 3.417039489746093750e+02
2.474875564874387237e+02 3.124621088005513911e+02 3.633544921875000000e+02
2.374736091164981531e+02 3.345416402420341910e+02 3.823730468750000000e+02
2.323996626311657394e+02 3.573340676939720311e+02 3.909395141601562500e+02
2.271732058057598067e+02 3.905562527765011396e+02 3.331138916015625000e+02
2.322607098747702139e+02 3.918641686772364210e+02 3.492150268554687500e+02
2.444351538564644670e+02 3.961518252144606436e+02 3.620588073730468750e+02
2.578338393267463289e+02 3.928869927140776781e+02 3.652051696777343750e+02
2.748042910108379147e+02 3.908225802791818637e+02 3.624501037597656250e+02
1.922169641831341949e+02 2.953434053548176053e+02 2.515228729248046875e+02
1.983648376464844034e+02 2.833123556937422336e+02 2.698742675781250000e+02
2.146161218979779619e+02 2.842318925685507338e+02 2.821850891113281250e+02
2.337187573002833858e+02 2.942947803213081102e+02 2.876173095703125000e+02
2.173907853668811185e+02 3.001093202119714078e+02 2.829173583984375000e+02
2.002054750928691647e+02 2.999333876905253078e+02 2.699089965820312500e+02
3.093167255476408855e+02 2.935030174345127421e+02 3.308184204101562500e+02
3.242215504365808556e+02 2.813913209443932715e+02 3.444191894531250000e+02
3.437849274280024474e+02 2.798225837498084729e+02 3.523326110839843750e+02
3.627605540556065762e+02 2.930400966509649834e+02 3.498698120117187500e+02
3.426342462277880259e+02 2.978008047305835930e+02 3.515693359375000000e+02
3.221488870059743022e+02 2.984229231531478490e+02 3.421433410644531250e+02
2.101036423627067791e+02 4.506289245844820925e+02 2.958893127441406250e+02
2.164736439424402192e+02 4.362263457892921679e+02 3.303625183105468750e+02
2.316606495576745886e+02 4.274788597196690034e+02 3.558644714355468750e+02
2.434596565994561672e+02 4.303837092620249791e+02 3.643348693847656250e+02
2.536984269684435844e+02 4.276267122395831848e+02 3.689230957031250000e+02
2.835313325769760695e+02 4.365595795515470741e+02 3.711205749511718750e+02
3.119389119466145530e+02 4.518667735619637256e+02 3.597866516113281250e+02
2.812063317392386352e+02 4.636433398916205988e+02 3.674213867187500000e+02
2.617630932377833233e+02 4.688398369523589508e+02 3.668890991210937500e+02
2.445931537702971639e+02 4.690678372491573214e+02 3.610137329101562500e+02
2.270519028607536427e+02 4.684482806276806173e+02 3.468589477539062500e+02
2.175621598785998572e+02 4.626805351945464508e+02 3.299436645507812500e+02
2.139696663650811672e+02 4.494375539981616612e+02 2.999590454101562500e+02
2.318444171980315218e+02 4.438441773897057487e+02 3.425050659179687500e+02
2.466904038373161541e+02 4.425623120117186318e+02 3.582770080566406250e+02
2.636659125832950394e+02 4.443303540039061090e+02 3.625368041992187500e+02
3.090728886623008975e+02 4.523487914081646863e+02 3.593435058593750000e+02
2.612420162425321450e+02 4.501651387771904069e+02 3.626138305664062500e+02
2.462283148073682355e+02 4.503593033375458390e+02 3.564641723632812500e+02
2.313928748037300522e+02 4.501240834195004936e+02 3.434718933105468750e+02
