2.251125229779411256e+02 2.709862982536765799e+02 6.504026794433593750e+01
2.266866268382352700e+02 3.039233157169118726e+02 6.517320251464843750e+01
2.305622242647058613e+02 3.365282559742648800e+02 6.720108032226562500e+01
2.327239085477940534e+02 3.685679044117648573e+02 7.061779022216796875e+01
2.319348230698528823e+02 4.045747058823531006e+02 8.209337615966796875e+01
2.307840533088234736e+02 4.335819439338236521e+02 1.105659713745117188e+02
2.300468405330881865e+02 4.558196507352942604e+02 1.482117309570312500e+02
2.381403377757352473e+02 4.749578400735295531e+02 1.887393341064453125e+02
2.678102366727940762e+02 4.856204779411766026e+02 2.142915191650390625e+02
3.035169347426469812e+02 4.796761305147060170e+02 2.261835632324218750e+02
3.447251608455881637e+02 4.645384926470589448e+02 2.146311187744140625e+02
3.808830422794117112e+02 4.459667325367648800e+02 1.967515869140625000e+02
4.087264935661764298e+02 4.195017279411766253e+02 1.851585083007812500e+02
4.247646139705881865e+02 3.877484420955884161e+02 1.816908264160156250e+02
4.332170036764705401e+02 3.555538878676471768e+02 1.832174377441406250e+02
4.400343290441176123e+02 3.218282904411765912e+02 1.868702392578125000e+02
4.445498391544117567e+02 2.879051171875001387e+02 1.909983215332031250e+02
1.957210937499999659e+02 2.436061109834560057e+02 1.780190887451171875e+02
1.980403377757352814e+02 2.346893198529412814e+02 2.042422637939453125e+02
2.073295496323529221e+02 2.319315877757354087e+02 2.268228912353515625e+02
2.179619140625000000e+02 2.350779687500001103e+02 2.431322631835937500e+02
2.284978285845588175e+02 2.392080238970589221e+02 2.532248687744140625e+02
2.881907054227940534e+02 2.425862465533089107e+02 2.869215698242187500e+02
3.021884880514705856e+02 2.388402562040442376e+02 2.912555236816406250e+02
3.219494485294117112e+02 2.368719715073530665e+02 2.924907836914062500e+02
3.460413832720587948e+02 2.421608042279412984e+02 2.885264282226562500e+02
3.669510110294117453e+02 2.536462362132353974e+02 2.766696777343750000e+02
2.565866153492646617e+02 2.836652274816177624e+02 2.681840820312500000e+02
2.490941636029411370e+02 3.078795197610295418e+02 2.794812316894531250e+02
2.418724264705882092e+02 3.292412614889707356e+02 2.900595092773437500e+02
2.395404986213235077e+02 3.486119186580883706e+02 2.923115539550781250e+02
2.371877757352940534e+02 3.642212591911766140e+02 2.461855773925781250e+02
2.408374655330881637e+02 3.670514292279412984e+02 2.580921630859375000e+02
2.494405790441175839e+02 3.718507398897060057e+02 2.667251586914062500e+02
2.592120404411764412e+02 3.692688465073530892e+02 2.689500427246093750e+02
2.717507697610293462e+02 3.669814843750001501e+02 2.669472045898437500e+02
2.087343979779411427e+02 2.754498437500001273e+02 1.983686828613281250e+02
2.124780101102940932e+02 2.687186052389706674e+02 2.153320770263671875e+02
2.245473115808823081e+02 2.711283249080883593e+02 2.246358642578125000e+02
2.397165785845587891e+02 2.805161351102942149e+02 2.269348144531250000e+02
2.269221852022058670e+02 2.843655836397059602e+02 2.222279205322265625e+02
2.146358340992646845e+02 2.823162500000000819e+02 2.112982330322265625e+02
2.983873851102940762e+02 2.846717647058824809e+02 2.597886657714843750e+02
3.088067555147058556e+02 2.764416750919118613e+02 2.721800231933593750e+02
3.239138556985293462e+02 2.761712591911766026e+02 2.782388305664062500e+02
3.394487821691176350e+02 2.848864361213236407e+02 2.734169311523437500e+02
3.241124310661764412e+02 2.898503033088236407e+02 2.738676452636718750e+02
3.082701286764705628e+02 2.897120220588236634e+02 2.671523132324218750e+02
2.249056640624999375e+02 4.081710983455883479e+02 2.170446929931640625e+02
2.299550781249999432e+02 4.011527849264707584e+02 2.419035797119140625e+02
2.403212775735293576e+02 3.968388373161766367e+02 2.592543640136718750e+02
2.483542509191175895e+02 4.000468566176472223e+02 2.644749145507812500e+02
2.552275160845587720e+02 3.983755790441177851e+02 2.679913940429687500e+02
2.753501148897058215e+02 4.054460753676472109e+02 2.686345214843750000e+02
2.951326746323528596e+02 4.150598391544119181e+02 2.594338378906250000e+02
2.732637408088234565e+02 4.212842187500001501e+02 2.628973388671875000e+02
2.601462545955881751e+02 4.248465119485295531e+02 2.612652893066406250e+02
2.481948069852940648e+02 4.245955928308824809e+02 2.571684570312500000e+02
2.364170036764705287e+02 4.233570818014707129e+02 2.478187713623046875e+02
2.296240579044116998e+02 4.176218336397060398e+02 2.377794189453125000e+02
2.279359719669117226e+02 4.076222472426471768e+02 2.205883483886718750e+02
2.415871093749999545e+02 4.080654227941178078e+02 2.481995849609375000e+02
2.514407743566175952e+02 4.088718566176472109e+02 2.583997802734375000e+02
2.625144416360293462e+02 4.105587591911765912e+02 2.610545654296875000e+02
2.925996897977940989e+02 4.151746599264707243e+02 2.593221435546875000e+02
2.604029526654411484e+02 4.104748437500001046e+02 2.602925720214843750e+02
2.506476217830881694e+02 4.103208455882354428e+02 2.563314819335937500e+02
2.402813534007352416e+02 4.089828400735295872e+02 2.480089569091796875e+02
