1.958671844482421989e+02 2.927259600949754486e+02 5.227338790893554688e+01
1.980381056243298019e+02 3.193324228204464816e+02 5.592485427856445312e+01
2.029051444259344521e+02 3.450850451181448761e+02 6.123388671875000000e+01
2.066827149035883622e+02 3.690380880198758859e+02 6.755843353271484375e+01
2.084495291317210217e+02 3.952049040431601270e+02 8.204955291748046875e+01
2.137110505347158096e+02 4.171597052360982616e+02 1.062137680053710938e+02
2.175032357608570521e+02 4.306161409744561297e+02 1.367908020019531250e+02
2.265143890979242940e+02 4.424311005715761667e+02 1.692133026123046875e+02
2.521957777434703871e+02 4.502736424345127944e+02 1.866014099121093750e+02
2.826166609221813815e+02 4.455596972177542057e+02 1.898045959472656250e+02
3.144775640749463719e+02 4.360020177983302574e+02 1.693347625732421875e+02
3.374182297650505689e+02 4.256745447974111016e+02 1.457945709228515625e+02
3.562531819661458030e+02 4.054660759899662708e+02 1.276110305786132812e+02
3.680931706447227043e+02 3.794755810786227812e+02 1.173349075317382812e+02
3.770584758683746713e+02 3.553932116220511261e+02 1.135369186401367188e+02
3.860742438821231417e+02 3.298044151635263006e+02 1.112397994995117188e+02
3.921612240062040655e+02 3.002509466911764662e+02 1.096041488647460938e+02
1.916295046937232200e+02 2.583820911362591346e+02 1.457146606445312500e+02
1.976602416393803878e+02 2.489789793007046228e+02 1.651656494140625000e+02
2.091601315367455527e+02 2.451819578163296001e+02 1.817901763916015625e+02
2.206402043361289884e+02 2.473714918428308351e+02 1.930619964599609375e+02
2.310599805046530548e+02 2.503081940475164231e+02 1.994931030273437500e+02
2.851164476581648728e+02 2.495485980344286077e+02 2.151230926513671875e+02
2.974953419404871511e+02 2.460594063134286671e+02 2.152512359619140625e+02
3.133471127977558695e+02 2.444078289435891236e+02 2.116321105957031250e+02
3.318679394291896756e+02 2.488512519866344803e+02 2.047391967773437500e+02
3.458844177246094205e+02 2.601992188277898777e+02 1.920301818847656250e+02
2.564955966725069061e+02 2.838398847273283536e+02 2.113736114501953125e+02
2.519387720444623255e+02 3.026361372285730340e+02 2.244594726562500000e+02
2.470096615062040541e+02 3.190021025294882975e+02 2.365361175537109375e+02
2.447827283672257863e+02 3.340943785304648372e+02 2.406937103271484375e+02
2.356695319082222682e+02 3.497843274165134062e+02 2.053188323974609375e+02
2.402750081380208371e+02 3.515029332059971807e+02 2.142286987304687500e+02
2.480458731857000885e+02 3.548016659486059439e+02 2.202381439208984375e+02
2.560548420625574408e+02 3.530960949348000213e+02 2.199613952636718750e+02
2.662698190726486018e+02 3.518590147609336327e+02 2.156404418945312500e+02
2.057634982838350197e+02 2.822856635478898397e+02 1.627036132812500000e+02
2.117462387384152862e+02 2.754809133372586984e+02 1.749002685546875000e+02
2.234007058536305408e+02 2.768086685360178762e+02 1.811203308105468750e+02
2.360719818115234716e+02 2.840371115770526558e+02 1.813828430175781250e+02
2.249758616727941387e+02 2.876070505059933566e+02 1.799833679199218750e+02
2.127653308344822563e+02 2.866940670716528530e+02 1.729111938476562500e+02
2.886939299938725867e+02 2.858761324893726510e+02 1.963844909667968750e+02
2.999633750765931381e+02 2.783846239755667398e+02 2.031409149169921875e+02
3.128976298014322879e+02 2.776982124956916209e+02 2.049024353027343750e+02
3.239138168035769354e+02 2.857706307684206308e+02 1.994695739746093750e+02
3.119940973020067645e+02 2.895510721722770882e+02 2.035539855957031250e+02
2.983877760943244652e+02 2.898781554457719949e+02 2.010741729736328125e+02
2.202736217423981202e+02 3.831412721402036823e+02 1.847315368652343750e+02
2.284140366498161825e+02 3.773927722886028846e+02 2.039511718750000000e+02
2.393895200841566862e+02 3.744523465504365163e+02 2.162460021972656250e+02
2.468045925963158993e+02 3.772631374463847465e+02 2.194596252441406250e+02
2.528006472120098351e+02 3.760188125191482413e+02 2.211384582519531250e+02
2.699761751661113749e+02 3.811305640605851295e+02 2.181486053466796875e+02
2.850084314682904392e+02 3.881863180003446132e+02 2.068655700683593750e+02
2.666968067243986980e+02 3.912326019167431923e+02 2.156374816894531250e+02
2.553306172090418045e+02 3.930559868786381230e+02 2.173989715576171875e+02
2.446846448112936514e+02 3.923960784792432150e+02 2.161332550048828125e+02
2.335607210047104729e+02 3.919665185546874682e+02 2.102269744873046875e+02
2.268912607828775947e+02 3.883856065219055722e+02 2.021911163330078125e+02
2.232093171961167286e+02 3.824014595061656792e+02 1.869573669433593750e+02
2.387050643023322891e+02 3.825906901520372685e+02 2.077735595703125000e+02
2.479752753762637667e+02 3.836996191166895755e+02 2.144889678955078125e+02
2.575144190171185414e+02 3.848644829723881458e+02 2.148386840820312500e+02
2.827885889389935414e+02 3.882295167691099209e+02 2.074422912597656250e+02
2.553111180324180509e+02 3.829435250555299604e+02 2.152495422363281250e+02
2.465934253767425162e+02 3.828699599800856959e+02 2.136704864501953125e+02
2.368647909725413570e+02 3.816614734604778505e+02 2.083271942138671875e+02
