3.109451869590610045e+02 2.163630501421760641e+02 1.301614074707031250e+02
3.148365780998678929e+02 2.394980139519186935e+02 1.296654663085937500e+02
3.218314356486002907e+02 2.624036215868183604e+02 1.281448669433593750e+02
3.280368800144569832e+02 2.833358720846737242e+02 1.279837570190429688e+02
3.384369450587852270e+02 3.068602028521369789e+02 1.333398590087890625e+02
3.590395881802428448e+02 3.263868170525046253e+02 1.461818695068359375e+02
3.844563795501110803e+02 3.392878538124234638e+02 1.618498687744140625e+02
4.139101844937193846e+02 3.478366627891391545e+02 1.741468658447265625e+02
4.435599542356005145e+02 3.528716700415518517e+02 1.671449890136718750e+02
4.623451950970818416e+02 3.458444519521676739e+02 1.494752655029296875e+02
4.685344302906710254e+02 3.345106518794041222e+02 1.193071212768554688e+02
4.706071812050015524e+02 3.224923189529718570e+02 9.191627502441406250e+01
4.730075452617570591e+02 3.036619332586550399e+02 6.982663726806640625e+01
4.738147572236903216e+02 2.817096176326977002e+02 5.707906341552734375e+01
4.738995747884115417e+02 2.596802108944164047e+02 5.143377685546875000e+01
4.745972291235830767e+02 2.354447285850375806e+02 4.782348632812500000e+01
4.750813366459865392e+02 2.096789077339921050e+02 4.665633010864257812e+01
3.647068446739048113e+02 1.902572798366173004e+02 1.908657379150390625e+02
3.796285414153454667e+02 1.827909063780541885e+02 1.991527557373046875e+02
3.957607767142501984e+02 1.793996633372587723e+02 2.014451446533203125e+02
4.098593461578967663e+02 1.802479449582567668e+02 2.007445831298828125e+02
4.203610400629979154e+02 1.825382648722331282e+02 1.982546386718750000e+02
4.617154795927160649e+02 1.799602598482020426e+02 1.771599121093750000e+02
4.692732217227712113e+02 1.767103858379289818e+02 1.702517395019531250e+02
4.772235485600490392e+02 1.745774369961608272e+02 1.592901916503906250e+02
4.850926609413297115e+02 1.768440043311026102e+02 1.446975097656250000e+02
4.873114437327666337e+02 1.832577064544079803e+02 1.271949234008789062e+02
4.445341808842678120e+02 2.079219008980545880e+02 1.891097564697265625e+02
4.506011608647365847e+02 2.238115043969248461e+02 1.977634887695312500e+02
4.568893563064874570e+02 2.382619164440679072e+02 2.059512176513671875e+02
4.591718582452513147e+02 2.516685156010647120e+02 2.088406677246093750e+02
4.332967398849189067e+02 2.652852029718137601e+02 1.932274932861328125e+02
4.418394601859299087e+02 2.663787946394378423e+02 1.950601043701171875e+02
4.511595656451057721e+02 2.687363260186887715e+02 1.937452545166015625e+02
4.555410614612056293e+02 2.659829632807713438e+02 1.884640655517578125e+02
4.592428221459482529e+02 2.641559655761719227e+02 1.800217132568359375e+02
3.843106077904794802e+02 2.088247397508808660e+02 1.907526092529296875e+02
3.948525910022212884e+02 2.025213515218099474e+02 1.941539306640625000e+02
4.052271067301433050e+02 2.028034633741192181e+02 1.898175048828125000e+02
4.131276162540211772e+02 2.089100101126877007e+02 1.818499298095703125e+02
4.059403777477788253e+02 2.121438965322457477e+02 1.876500701904296875e+02
3.949297013825062095e+02 2.119522381232766861e+02 1.919634552001953125e+02
4.547514411477482099e+02 2.074614255299288175e+02 1.601873626708984375e+02
4.649796456131281275e+02 2.009582478123085707e+02 1.586423797607421875e+02
4.740048549278110386e+02 1.996596257707184918e+02 1.528339538574218750e+02
4.780815123314951620e+02 2.045730618226294837e+02 1.416450500488281250e+02
4.736809412339155188e+02 2.085919731469248291e+02 1.508492126464843750e+02
4.642088693656173746e+02 2.101711463359758341e+02 1.575804595947265625e+02
4.145856614056756371e+02 2.971342563285080587e+02 1.902531890869140625e+02
4.314199248669194731e+02 2.894171103563496104e+02 1.961044311523437500e+02
4.459796440573300060e+02 2.851295265826057630e+02 1.967327117919921875e+02
4.531782506606158449e+02 2.865854715265012373e+02 1.936007537841796875e+02
4.575206325157016636e+02 2.849054979990043535e+02 1.910559692382812500e+02
4.662093654258578681e+02 2.882827476830576643e+02 1.775422363281250000e+02
4.696641879212622825e+02 2.940300143851486609e+02 1.616446685791015625e+02
4.657032924278109931e+02 2.988254438093597400e+02 1.783344726562500000e+02
4.605025036381740620e+02 3.015660993269378878e+02 1.861307983398437500e+02
4.534948039933747168e+02 3.021154288976333646e+02 1.915870361328125000e+02
4.423905624090456854e+02 3.032725470329734208e+02 1.956590423583984375e+02
4.325239983053768924e+02 3.008824142635570524e+02 1.953479156494140625e+02
4.180133738798253944e+02 2.960619557578891090e+02 1.894289855957031250e+02
4.411477403827742592e+02 2.929892747347963109e+02 1.914381866455078125e+02
4.508634556190640978e+02 2.924448006902956649e+02 1.895962066650390625e+02
4.569172370461857327e+02 2.927249183086321409e+02 1.841153259277343750e+02
4.682737925809973376e+02 2.942001697495404642e+02 1.632209167480468750e+02
4.573259297688802576e+02 2.919777645814185689e+02 1.853796844482421875e+02
4.507684067670037393e+02 2.930935722081802055e+02 1.893167724609375000e+02
4.417685540891161509e+02 2.934991049852558831e+02 1.922775573730468750e+02
