2.096342838062959402e+02 3.238371710324753963e+02 8.076644897460937500e+01
2.114247831456801521e+02 3.637908211741726632e+02 8.919044494628906250e+01
2.151461485619638552e+02 4.029301845415899379e+02 9.974571990966796875e+01
2.171516229367723270e+02 4.388269398648129709e+02 1.122675247192382812e+02
2.174502224791283425e+02 4.793968196135874678e+02 1.353022613525390625e+02
2.178422778559665574e+02 5.100226192938111467e+02 1.784727783203125000e+02
2.176333579867493597e+02 5.274703478285844085e+02 2.312015533447265625e+02
2.241240636488970210e+02 5.422405949850641491e+02 2.886927185058593750e+02
2.572167280608531996e+02 5.521100833907779588e+02 3.269033508300781250e+02
3.042863795860140499e+02 5.437439729817706393e+02 3.388294982910156250e+02
3.594020328297334572e+02 5.297604649203429972e+02 3.217780151367187500e+02
4.073210544960171546e+02 5.149625370040592998e+02 2.938287353515625000e+02
4.447789115157781907e+02 4.890892443129594653e+02 2.736296081542968750e+02
4.652029871323529733e+02 4.505453832529104830e+02 2.590351562500000000e+02
4.775610490387560958e+02 4.139354823931524834e+02 2.537129669189453125e+02
4.892101574467677665e+02 3.730141368432138052e+02 2.487716674804687500e+02
4.975666527841605102e+02 3.280751718797870353e+02 2.446043243408203125e+02
1.786458561915977441e+02 2.583817558976714395e+02 2.174406585693359375e+02
1.829649197447533879e+02 2.409501301125918076e+02 2.458230285644531250e+02
1.953486994724648014e+02 2.327160855401729691e+02 2.719189758300781250e+02
2.094222365435432209e+02 2.334080795826630492e+02 2.932329101562500000e+02
2.233756351246553606e+02 2.363273766850489324e+02 3.081240539550781250e+02
3.024250148399203226e+02 2.320707279220280839e+02 3.500645751953125000e+02
3.211025742474724893e+02 2.266916359935086689e+02 3.544084167480468750e+02
3.459430618585325874e+02 2.245148702823414055e+02 3.550034179687500000e+02
3.763267879710477928e+02 2.334079381845510852e+02 3.511293640136718750e+02
4.013858936982996966e+02 2.533102880380667443e+02 3.406418457031250000e+02
2.585120678471583915e+02 2.866297882917814377e+02 3.400292663574218750e+02
2.484359053069470065e+02 3.126122070551852516e+02 3.614342651367187500e+02
2.391729316262637894e+02 3.349243966136257882e+02 3.800391235351562500e+02
2.344884454465379804e+02 3.576284585631126447e+02 3.885665283203125000e+02
2.280732463761871998e+02 3.898615056295954560e+02 3.314425964355468750e+02
2.335670454436657337e+02 3.912874972713693751e+02 3.472850036621093750e+02
2.457319408940333858e+02 3.957138903090531699e+02 3.596895141601562500e+02
2.589980781106387440e+02 3.924294616938570925e+02 3.624774780273437500e+02
2.758049404967065357e+02 3.902825393018534328e+02 3.594091491699218750e+02
1.917629764332490652e+02 2.943024490894989640e+02 2.505601348876953125e+02
1.978692622166054207e+02 2.822461806592752964e+02 2.689593811035156250e+02
2.141668585085401446e+02 2.832134269205728287e+02 2.813627014160156250e+02
2.334056187050015296e+02 2.932406490789674081e+02 2.866657409667968750e+02
2.170416983810125657e+02 2.991543839039521231e+02 2.820286865234375000e+02
1.996913515577129203e+02 2.990094757917814263e+02 2.690785827636718750e+02
3.095304529526654278e+02 2.924473391304763368e+02 3.292685546875000000e+02
3.246060202205882206e+02 2.802398412607229261e+02 3.429294738769531250e+02
3.443346167470895125e+02 2.787281290929457214e+02 3.506534729003906250e+02
3.632777717141543690e+02 2.922441916312422450e+02 3.475401000976562500e+02
3.432932612400428525e+02 2.969636447323069319e+02 3.495664062500000000e+02
3.226059522441789795e+02 2.974646598307290901e+02 3.404178466796875000e+02
2.100169070973115595e+02 4.479791239659925282e+02 2.953964233398437500e+02
2.176878212124693164e+02 4.348079397403491271e+02 3.286425170898437500e+02
2.331649591184129520e+02 4.269644700233607750e+02 3.532761535644531250e+02
2.448808573404947708e+02 4.300555991019453472e+02 3.613504333496093750e+02
2.549295720119102100e+02 4.273021952550550395e+02 3.657474365234375000e+02
2.845927333457797204e+02 4.354408709597119014e+02 3.673652343750000000e+02
3.123328969918045459e+02 4.493520497280942436e+02 3.558773498535156250e+02
2.808157402487362333e+02 4.597912560795801369e+02 3.651144714355468750e+02
2.610769963283164543e+02 4.646697238338693410e+02 3.650392456054687500e+02
2.438737534466911541e+02 4.647259836473650694e+02 3.595570678710937500e+02
2.264927648207720381e+02 4.641415602979471942e+02 3.457520751953125000e+02
2.171983674890854559e+02 4.586195481483607637e+02 3.291295776367187500e+02
2.139618811513863079e+02 4.468073494944851518e+02 2.994348754882812500e+02
2.330036155551087234e+02 4.426129491708791761e+02 3.401734008789062500e+02
2.478509163650811615e+02 4.417551783183975544e+02 3.552679138183593750e+02
2.646314787023207487e+02 4.432486085420495101e+02 3.592711791992187500e+02
3.093968067842371283e+02 4.497728837794882111e+02 3.556242370605468750e+02
2.613369193282781566e+02 4.468425825769759854e+02 3.603509521484375000e+02
2.464135130639169518e+02 4.471778790881585905e+02 3.545126647949218750e+02
2.313192479750688904e+02 4.465610173483454446e+02 3.419850769042968750e+02
